Enzyme_index|Reactions
1|19: 530 531 645 1799 2461 4125 4186 4465 4466 6033 6043 6217 6424 6425 7349 7374 7378 7619 7620 
2|5: 532 638 890 4463 6426 
3|2: 1512 1513 
4|1: 2522 
5|1: 887 
6|1: 3648 
7|1: 718 
8|1: 1613 
9|1: 1620 
10|2: 741 4808 
11|1: 1619 
12|1: 2078 
13|2: 747 6253 
14|4: 747 2476 5024 7601 
15|1: 2505 
16|2: 648 2307 
17|1: 1011 
18|1: 1274 
19|1: 2726 
20|12: 888 890 936 938 1233 1499 1500 1524 2155 2199 2408 2409 
21|1: 237 
22|3: 989 993 2576 
23|1: 1591 
24|1: 2054 
25|2: 614 1194 
26|3: 601 857 2658 
27|1: 602 
28|2: 614 1194 
29|1: 1172 
30|2: 1736 4327 
31|1: 1908 
32|1: 1909 
33|1: 1761 
34|18: 1516 1678 3621 4070 4072 4074 4076 4078 4081 4130 4132 4327 4780 6057 6963 6967 6971 7165 
35|2: 1517 1680 
36|2: 289 6245 
37|2: 179 182 
38|1: 179 
39|2: 181 182 
40|1: 607 
41|3: 219 220 1615 
42|2: 1726 1727 
43|1: 1316 
44|1: 2253 
45|1: 1498 
46|2: 1309 1310 
47|4: 937 939 940 7609 
48|2: 712 2339 
49|23: 2110 2111 3704 3705 4135 4136 4138 4139 4142 4143 4145 4146 4148 4149 4150 4151 4153 4154 4156 4157 8003 9404 9405 
50|8: 1564 1566 2000 2001 2920 2921 8955 8956 
51|1: 3562 
52|5: 3723 4144 4147 4155 4158 
53|1: 3063 
54|1: 1921 
55|1: 1612 
56|1: 2089 
57|1: 2178 
58|1: 1380 
59|2: 1490 1491 
60|1: 1409 
61|6: 2000 2001 4018 4019 7985 8019 
62|1: 1566 
63|1: 1460 
64|1: 3343 
65|1: 741 
66|2: 1485 1487 
67|6: 530 532 638 645 6424 6426 
68|2: 888 890 
69|1: 2461 
70|1: 3230 
71|1: 3186 
72|4: 1519 1919 1920 2638 
73|1: 2151 
74|3: 396 1196 2151 
75|1: 1332 
76|2: 1194 1196 
77|1: 290 
78|1: 180 
79|1: 1036 
80|4: 851 1416 3807 9048 
81|6: 2612 3819 3820 4328 4329 4331 
82|3: 1646 1647 4171 
83|1: 1760 
84|8: 1280 1504 1892 2228 3700 4511 4571 4572 
85|1: 1281 
86|2: 1493 1494 
87|2: 2168 5359 
88|2: 718 719 
89|2: 1302 7268 
90|1: 2939 
91|1: 3559 
92|1: 2585 
93|1: 2586 
94|11: 2367 3899 3900 3902 3908 3928 4254 4265 6837 9111 9115 
95|3: 2358 2878 3750 
96|1: 2548 
97|1: 1261 
98|3: 2822 2824 6254 
99|1: 1799 
100|1: 2106 
101|1: 1459 
102|1: 2039 
103|1: 1674 
104|2: 3606 3607 
105|2: 3072 3073 
106|1: 3076 
107|1: 3068 
108|1: 923 
109|1: 1353 
110|2: 1353 1354 
111|1: 249 
112|2: 250 6255 
113|2: 939 940 
114|4: 249 1231 2432 7609 
115|3: 6256 6750 7968 
116|1: 1446 
117|2: 743 7706 
118|2: 1326 3487 
119|1: 1327 
120|1: 1326 
121|1: 3208 
122|2: 2251 2252 
123|2: 2090 2091 
124|1: 752 
125|1: 2374 
126|1: 2373 
127|2: 2912 2914 
128|1: 358 
129|2: 1313 1314 
130|1: 742 
131|2: 4811 6242 
132|2: 2200 2290 
133|1: 2996 
134|1: 2995 
135|1: 3395 
136|10: 1565 1880 2129 2428 2720 2852 3586 4017 4159 8919 
137|6: 2424 2745 3308 4087 4152 8424 
138|2: 2766 2767 
139|2: 1996 1997 
140|5: 1871 1873 2850 7998 7999 
141|1: 2605 
142|1: 2606 
143|1: 3704 
144|4: 1546 2546 3687 7277 
145|2: 2512 2513 
146|1: 889 
147|3: 1679 4781 6057 
148|1: 2385 
149|1: 3977 
150|1: 7634 
151|1: 2176 
152|1: 2097 
153|1: 3409 
154|1: 4543 
155|1: 2540 
156|1: 2703 
157|1: 2107 
158|4: 3722 3858 6257 6583 
159|1: 1644 
160|1: 3392 
161|3: 2814 2815 5771 
162|1: 1231 
163|1: 2386 
164|1: 720 
165|1: 3621 
166|1: 1232 
167|6: 3666 3667 7773 7774 7775 7779 
168|4: 3071 7154 7155 7156 
169|3: 2201 3050 8424 
170|2: 3074 3075 
171|2: 3291 6258 
172|4: 2912 2913 2914 2915 
173|2: 2291 2390 
174|1: 2201 
175|1: 2286 
176|1: 2287 
177|2: 1698 2097 
178|1: 2962 
179|1: 2212 
180|6: 2212 2615 3371 5725 5726 6528 
181|2: 2290 2391 
182|1: 3916 
183|1: 2520 
184|1: 6442 
185|1: 711 
186|1: 3225 
187|2: 2024 2670 
188|2: 1683 8451 
189|2: 964 7308 
190|1: 2421 
191|1: 1843 
192|1: 2171 
193|2: 2110 2111 
194|1: 3736 
195|12: 1516 4070 4072 4074 4076 4078 4081 6963 6967 6971 7009 7025 
196|1: 2366 
197|7: 2110 2111 7995 7997 8000 9404 9405 
198|1: 2703 
199|3: 1486 7921 7922 
200|1: 2800 
201|1: 3760 
202|2: 3081 3082 
203|5: 2674 3123 4303 7071 7072 
204|1: 3687 
205|1: 3796 
206|6: 1179 1180 2859 2860 2861 2862 
207|1: 2797 
208|1: 1550 
209|1: 3194 
210|1: 3703 
211|1: 2521 
212|1: 3219 
213|1: 3776 
214|1: 3528 
215|1: 3014 
216|2: 3886 3887 
217|1: 2261 
218|3: 3292 4204 5761 
219|1: 3151 
220|1: 5867 
221|5: 1179 1180 2859 2861 2893 
222|1: 2993 
223|1: 1564 
224|1: 1028 
225|1: 2563 
226|1: 2666 
227|1: 516 
228|1: 1892 
229|1: 4374 
230|1: 4033 
231|1: 6243 
232|2: 4395 4776 
233|2: 2485 2848 
234|1: 1635 
235|1: 6244 
236|2: 4573 4574 
237|1: 4500 
238|1: 4512 
239|1: 4534 
240|1: 4878 
241|2: 4879 4880 
242|3: 4881 5030 6501 
243|1: 4882 
244|2: 4883 4884 
245|2: 4885 4886 
246|1: 4887 
247|1: 4888 
248|1: 4889 
249|1: 4890 
250|3: 3722 4891 6584 
251|3: 4892 6172 6173 
252|1: 9506 
253|1: 5020 
254|2: 5016 7920 
255|1: 5299 
256|1: 5307 
257|1: 5345 
258|1: 6247 
259|1: 3534 
260|1: 3535 
261|2: 2913 2915 
262|4: 1591 2054 5966 5967 
263|1: 1922 
264|2: 6098 6248 
265|2: 6249 6250 
266|4: 607 1646 1647 4171 
267|2: 6251 6252 
268|1: 6070 
269|1: 6443 
270|1: 3627 
271|1: 7058 
272|1: 7264 
273|4: 7956 7957 8076 8077 
274|2: 7958 7959 
275|9: 5548 5549 5550 5551 5554 5555 5556 5557 7960 
276|3: 5571 7961 8392 
277|1: 8295 
278|2: 289 290 
279|1: 7447 
280|1: 8547 
281|2: 8379 8380 
282|1: 2440 
283|1: 8085 
284|1: 6733 
285|2: 8135 9293 
286|2: 1233 8481 
287|1: 8548 
288|1: 8482 
289|1: 4893 
290|1: 4576 
291|4: 3681 3682 3799 3800 
292|1: 2219 
293|3: 8549 8550 8551 
294|2: 2609 7450 
295|1: 6750 
296|1: 8807 
297|3: 8929 9241 9242 
298|2: 8930 9282 
299|1: 8931 
300|1: 8932 
301|2: 8983 8984 
302|2: 8985 8986 
303|5: 7566 8925 8926 8927 8928 
304|2: 8988 8989 
305|1: 8987 
306|1: 9017 
307|2: 9126 9127 
308|2: 7934 9125 
309|2: 1517 6833 
310|1: 9124 
311|1: 9123 
312|1: 9108 
313|1: 9109 
314|1: 9135 
315|1: 2844 
316|2: 6245 9183 
317|1: 6246 
318|1: 9184 
319|1: 9150 
320|1: 7765 
321|1: 3668 
322|1: 9214 
323|2: 2373 9184 
324|1: 9215 
325|1: 7920 
326|1: 9300 
327|1: 6811 
328|1: 9301 
329|1: 2512 
330|2: 1316 9214 
331|2: 9302 9303 
332|3: 8757 9381 9382 
333|1: 9394 
334|1: 9399 
335|2: 9402 9403 
336|2: 9404 9405 
337|1: 2703 
338|5: 939 6255 7609 9410 9411 
339|2: 939 6255 
340|1: 9497 
341|1: 5820 
342|2: 712 9498 
343|2: 5607 9549 
344|1: 6751 
345|1: 4883 
346|1: 9638 
347|1: 4786 
348|1: 8950 
349|1: 8952 
350|1: 8953 
351|2: 738 1611 
352|1: 164 
353|1: 165 
354|1: 166 
355|1: 2686 
356|3: 977 8133 8134 
357|3: 4324 4437 4514 
358|1: 304 
359|1: 1311 
360|1: 1311 
361|1: 1256 
362|1: 1284 
363|3: 550 2727 9049 
364|2: 941 942 
365|1: 251 
366|1: 1447 
367|1: 1463 
368|2: 518 542 
369|1: 65 
370|2: 405 1154 
371|1: 2020 
372|3: 876 7280 7281 
373|1: 1937 
374|1: 2281 
375|1: 33 
376|1: 721 
377|3: 28 58 1807 
378|1: 6259 
379|3: 44 5014 5015 
380|1: 1029 
381|1: 2685 
382|1: 2318 
383|1: 2460 
384|3: 4895 4896 4897 
385|1: 4898 
386|1: 6260 
387|1: 8808 
388|1: 7938 
389|1: 7944 
390|1: 8338 
391|3: 3005 3131 8991 
392|2: 3006 5023 
393|1: 5770 
394|3: 723 724 7712 
395|2: 305 1076 
396|1: 8483 
397|1: 8497 
398|1: 8743 
399|3: 1592 2055 8326 
400|1: 254 
401|1: 9600 
402|1: 8484 
403|1: 8553 
404|1: 9107 
405|1: 9548 
406|1: 9550 
407|1: 878 
408|2: 247 3027 
409|2: 1488 1489 
410|1: 6261 
411|1: 246 
412|1: 1246 
413|2: 1625 6262 
414|1: 745 
415|1: 1448 
416|5: 689 690 1435 5398 5411 
417|1: 406 
418|6: 1241 1242 2012 5422 5424 5425 
419|1: 544 
420|2: 1449 2502 
421|1: 893 
422|1: 2765 
423|1: 2753 
424|1: 2704 
425|1: 746 
426|2: 6444 6445 
427|1: 6263 
428|3: 3262 3583 6739 
429|1: 8554 
430|1: 8485 
431|1: 9393 
432|1: 8555 
433|1: 8556 
434|1: 7935 
435|1: 9551 
436|1: 444 
437|21: 217 461 538 608 771 1496 1687 2172 2285 2516 2531 2817 3326 3500 3877 4206 4313 4469 4470 4515 5538 
438|3: 539 609 4352 
439|23: 461 538 539 608 609 771 2160 2161 2300 2301 2831 2832 4188 4189 4194 4195 4197 4198 4291 6216 7350 7351 7375 
440|6: 1108 1223 4518 4864 4865 6741 
441|2: 2188 2189 
442|1: 905 
443|2: 191 1000 
444|1: 1950 
445|1: 907 
446|1: 908 
447|2: 1378 1379 
448|2: 610 611 
449|1: 398 
450|3: 603 604 2899 
451|2: 771 2172 
452|1: 2043 
453|1: 1146 
454|2: 169 1245 
455|3: 169 1150 1482 
456|1: 610 
457|3: 1035 1415 2715 
458|1: 217 
459|3: 603 789 800 
460|6: 1107 1222 4518 4864 4865 6742 
461|5: 1279 2264 2300 2831 4467 
462|1: 1283 
463|5: 2655 2656 2657 3779 4172 
464|1: 3345 
465|1: 2740 
466|2: 1798 7453 
467|1: 2948 
468|1: 2160 
469|1: 2840 
470|1: 1093 
471|1: 112 
472|6: 1385 1652 1859 1883 2135 5724 
473|1: 515 
474|1: 2817 
475|2: 1456 1732 
476|3: 170 1151 1922 
477|2: 2236 9527 
478|1: 175 
479|1: 218 
480|1: 2300 
481|1: 2721 
482|2: 1000 1001 
483|1: 2085 
484|2: 907 908 
485|1: 3799 
486|1: 4468 
487|1: 4501 
488|1: 4352 
489|2: 1107 6742 
490|1: 2517 
491|1: 4899 
492|4: 4900 4901 6530 6531 
493|1: 6264 
494|1: 3537 
495|1: 4312 
496|1: 1556 
497|1: 6095 
498|1: 5531 
499|1: 634 
500|1: 8286 
501|1: 8557 
502|1: 4845 
503|1: 611 
504|2: 8488 8489 
505|1: 8560 
506|1: 8784 
507|1: 9100 
508|1: 9099 
509|2: 2362 4577 
510|1: 7157 
511|1: 8104 
512|6: 203 605 606 3823 3824 4314 
513|1: 9591 
514|1: 2695 
515|1: 2756 
516|2: 228 4034 
517|10: 540 1461 1800 2266 3328 3516 4207 7417 7452 7476 
518|1: 172 
519|1: 225 
520|1: 397 
521|1: 176 
522|1: 2288 
523|1: 1461 
524|2: 1282 4502 
525|1: 34 
526|1: 6073 
527|4: 12 174 1451 2806 
528|6: 529 1452 1645 1651 2843 7614 
529|9: 1453 1454 3640 6676 6677 6678 6679 6680 6681 
530|1: 2694 
531|3: 1023 1025 7106 
532|1: 1024 
533|2: 6265 8322 
534|2: 6266 7632 
535|1: 6267 
536|3: 6268 7627 7628 
537|1: 6269 
538|1: 8490 
539|1: 9494 
540|3: 245 6265 7106 
541|4: 466 543 874 3028 
542|1: 523 
543|2: 2579 7131 
544|3: 273 466 543 
545|2: 466 543 
546|1: 9316 
547|2: 837 1217 
548|3: 838 1218 7294 
549|10: 1563 1882 2128 2226 2429 2473 3192 3310 4134 4137 
550|2: 3234 3235 
551|1: 344 
552|1: 2167 
553|7: 328 1094 3246 3314 3430 4084 6099 
554|8: 1207 3810 4058 4256 4259 4262 4267 4270 
555|10: 1208 3811 4059 4257 4260 4263 4268 4271 9113 9117 
556|1: 3188 
557|1: 1477 
558|1: 1478 
559|1: 1589 
560|1: 1586 
561|1: 3354 
562|1: 3382 
563|1: 2788 
564|6: 694 3517 4578 5957 5977 6777 
565|3: 696 6129 8424 
566|4: 1250 1254 6576 6581 
567|8: 1872 2127 2227 2472 6522 6536 7994 9235 
568|2: 2036 2037 
569|4: 695 7182 7183 7184 
570|1: 2098 
571|1: 1296 
572|6: 3541 6026 6047 6779 8168 8189 
573|2: 1444 1914 
574|9: 2557 2558 4579 5968 6855 8143 8144 8229 8230 
575|2: 3306 5461 
576|1: 3714 
577|1: 2979 
578|1: 3318 
579|1: 329 
580|8: 1094 3246 3314 3430 4084 6099 6270 6835 
581|1: 1208 
582|1: 2967 
583|1: 3256 
584|1: 2916 
585|1: 627 
586|2: 327 999 
587|4: 5719 5720 6821 6825 
588|1: 2529 
589|2: 3339 3340 
590|2: 3919 3920 
591|1: 3574 
592|1: 3408 
593|1: 1402 
594|1: 4398 
595|2: 4471 4473 
596|1: 4536 
597|1: 4472 
598|1: 4538 
599|1: 4539 
600|1: 4505 
601|1: 4504 
602|1: 4540 
603|1: 4541 
604|2: 4521 4522 
605|1: 4542 
606|1: 4902 
607|2: 4841 6572 
608|1: 4843 
609|8: 1255 3170 4903 6577 6582 6587 6588 6596 
610|1: 5071 
611|2: 6446 6447 
612|2: 5448 6012 
613|1: 3397 
614|5: 5702 5703 5704 6448 6449 
615|1: 628 
616|2: 627 628 
617|1: 8039 
618|2: 5590 5591 
619|1: 5588 
620|1: 1749 
621|1: 786 
622|1: 8297 
623|1: 8739 
624|2: 5909 5910 
625|0: 
626|0: 
627|0: 
628|0: 
629|1: 9071 
630|2: 6839 8453 
631|0: 
632|1: 9155 
633|1: 2455 
634|1: 9188 
635|2: 2734 2735 
636|0: 
637|0: 
638|2: 9317 9318 
639|1: 6447 
640|1: 9400 
641|1: 1208 
642|2: 9568 9569 
643|1: 5005 
644|2: 545 6754 
645|1: 2761 
646|1: 2762 
647|1: 2038 
648|13: 330 1003 1095 3247 3315 3431 4083 4085 6961 6965 6969 7007 7023 
649|1: 835 
650|3: 2463 3199 7837 
651|2: 3048 5026 
652|1: 4545 
653|1: 6450 
654|1: 546 
655|3: 9319 9320 9321 
656|1: 8339 
657|1: 1832 
658|1: 1588 
659|1: 8493 
660|1: 1832 
661|5: 4111 4112 8654 8655 8656 
662|5: 4119 4121 6600 8658 8660 
663|1: 2709 
664|1: 5011 
665|1: 5012 
666|1: 3159 
667|1: 5010 
668|1: 8494 
669|1: 5457 
670|2: 235 2086 
671|1: 4544 
672|5: 1003 1006 2269 2716 4083 
673|6: 6728 8692 8720 8745 8746 8747 
674|1: 4789 
675|2: 3524 3525 
676|1: 2714 
677|4: 2119 2120 2592 9070 
678|13: 334 791 1003 1095 2269 2716 3247 3315 3431 3524 3813 4083 4085 
679|7: 334 1095 3247 3315 3431 4083 4085 
680|2: 1095 3431 
681|1: 8258 
682|1: 9577 
683|1: 1587 
684|1: 9634 
685|2: 3222 8883 
686|3: 1562 2255 4141 
687|3: 1879 1882 2254 
688|1: 2556 
689|3: 2269 2716 2717 
690|1: 1896 
691|1: 4399 
692|1: 4400 
693|1: 3168 
694|1: 4427 
695|1: 6011 
696|1: 6271 
697|1: 8562 
698|2: 5544 5545 
699|3: 4119 4121 8661 
700|3: 6609 6612 6623 
701|4: 4112 4119 8693 8694 
702|3: 4112 8694 8695 
703|6: 4112 4119 4121 6607 8694 8705 
704|5: 4112 4119 4121 8694 8717 
705|1: 4784 
706|1: 9322 
707|1: 9323 
708|2: 8060 8067 
709|4: 120 121 309 338 
710|3: 120 121 202 
711|4: 120 121 202 204 
712|3: 120 121 204 
713|3: 120 121 1077 
714|3: 120 121 497 
715|3: 120 121 1037 
716|6: 120 121 931 1236 1862 3407 
717|3: 120 121 309 
718|1: 2870 
719|7: 120 121 2414 3618 3619 4024 4025 
720|3: 96 204 209 
721|1: 78 
722|3: 120 121 380 
723|1: 2357 
724|1: 1363 
725|3: 381 1968 9050 
726|4: 120 121 577 578 
727|4: 120 121 588 8831 
728|4: 6272 6273 6502 6505 
729|1: 1236 
730|1: 7630 
731|1: 308 
732|2: 303 5305 
733|8: 302 551 579 589 624 1078 1863 5305 
734|9: 310 1153 2092 2474 2500 3636 5053 5305 6495 
735|20: 1575 1840 2029 2153 2156 2230 2487 2496 3464 3697 4014 4196 4199 4200 4210 4211 5314 7414 7415 7416 
736|5: 229 230 1462 1463 5314 
737|2: 231 5305 
738|2: 1265 5314 
739|2: 982 5314 
740|2: 205 5305 
741|2: 1895 5314 
742|1: 3651 
743|1: 382 
744|2: 231 303 
745|2: 302 411 
746|6: 310 5053 5054 5055 6552 9238 
747|1: 6675 
748|10: 1575 2029 2153 2230 2689 3466 3697 4561 5333 5872 
749|5: 982 1822 1840 2689 5314 
750|1: 8563 
751|1: 9098 
752|2: 1045 2934 
753|1: 8496 
754|3: 17 209 9082 
755|1: 517 
756|3: 2029 2229 3697 
757|3: 1155 1183 6274 
758|1: 6275 
759|2: 317 4904 
760|4: 1068 1070 1866 1867 
761|4: 1069 1071 2823 2825 
762|6: 801 802 803 804 1897 1898 
763|1: 1044 
764|1: 805 
765|1: 612 
766|1: 613 
767|1: 1966 
768|1: 1967 
769|1: 480 
770|1: 1043 
771|1: 386 
772|1: 340 
773|1: 3102 
774|1: 481 
775|2: 1046 6276 
776|2: 1866 1867 
777|1: 312 
778|1: 1438 
779|1: 568 
780|2: 3731 3732 
781|1: 773 
782|1: 4031 
783|1: 3207 
784|2: 4907 8523 
785|1: 6277 
786|1: 5070 
787|1: 1545 
788|4: 1528 1529 6451 6452 
789|1: 8664 
790|1: 8749 
791|1: 4906 
792|2: 4905 4906 
793|1: 8750 
794|3: 4905 4907 8751 
795|1: 4905 
796|2: 8086 8087 
797|1: 9157 
798|2: 8523 8749 
799|1: 9222 
800|2: 2905 9324 
801|1: 520 
802|1: 1083 
803|1: 522 
804|1: 2744 
805|1: 6278 
806|1: 1868 
807|1: 1343 
808|3: 4039 4041 4094 
809|2: 3353 8081 
810|1: 1629 
811|1: 8082 
812|1: 8083 
813|4: 3353 8081 8083 8084 
814|1: 8498 
815|1: 9097 
816|0: 
817|1: 9096 
818|1: 9578 
819|1: 3427 
820|1: 3814 
821|1: 1073 
822|1: 1042 
823|1: 9579 
824|1: 1367 
825|1: 2138 
826|1: 521 
827|1: 1344 
828|1: 3834 
829|1: 3841 
830|2: 1869 1870 
831|2: 2445 7019 
832|1: 519 
833|2: 1629 1630 
834|1: 4908 
835|1: 8499 
836|1: 6603 
837|1: 94 
838|1: 94 
839|1: 94 
840|1: 83 
841|4: 89 4354 7604 7616 
842|1: 91 
843|2: 84 92 
844|2: 6279 6280 
845|2: 9495 9496 
846|1: 6279 
847|1: 9495 
848|2: 9610 9611 
849|5: 2537 3130 3282 6455 6456 
850|2: 1831 1834 
851|1: 80 
852|1: 2011 
853|1: 4475 
854|1: 4623 
855|1: 1831 
856|1: 1831 
857|1: 6456 
858|2: 2182 2183 
859|1: 234 
860|1: 233 
861|1: 233 
862|1: 678 
863|2: 678 679 
864|1: 679 
865|2: 672 673 
866|1: 19 
867|1: 4909 
868|1: 967 
869|2: 3642 3643 
870|1: 119 
871|1: 3699 
872|2: 3484 3485 
873|1: 6682 
874|4: 2124 8450 8809 8810 
875|1: 672 
876|6: 66 67 232 669 670 671 
877|1: 4910 
878|0: 
879|1: 2394 
880|1: 243 
881|2: 9158 9159 
882|3: 681 9370 9371 
883|1: 3330 
884|2: 1782 7054 
885|1: 1381 
886|1: 9223 
887|1: 8500 
888|1: 8449 
889|1: 8752 
890|1: 674 
891|1: 675 
892|2: 119 236 
893|3: 680 948 1833 
894|1: 6281 
895|1: 732 
896|1: 1436 
897|8: 174 1045 1450 1645 3281 6695 7614 7615 
898|1: 4911 
899|1: 761 
900|2: 79 97 
901|2: 3366 3367 
902|4: 768 1712 3086 8376 
903|2: 768 4912 
904|1: 3232 
905|3: 3287 7424 7425 
906|1: 2345 
907|1: 6282 
908|4: 4913 4914 5464 5465 
909|1: 8564 
910|1: 8501 
911|2: 9401 9419 
912|1: 9491 
913|1: 451 
914|1: 25 
915|1: 8502 
916|1: 8503 
917|1: 456 
918|1: 46 
919|1: 100 
920|1: 1574 
921|2: 6457 8565 
922|1: 8565 
923|2: 951 1106 
924|2: 2413 3368 
925|3: 952 2050 4169 
926|2: 950 953 
927|1: 3478 
928|1: 1717 
929|1: 4915 
930|1: 6283 
931|2: 3545 6683 
932|1: 6684 
933|2: 1721 6683 
934|2: 1721 6685 
935|1: 949 
936|1: 6284 
937|1: 8504 
938|0: 
939|2: 733 3089 
940|1: 8505 
941|2: 3905 8099 
942|0: 
943|2: 735 3087 
944|3: 734 4228 7617 
945|2: 244 7107 
946|2: 66 67 
947|2: 676 2630 
948|1: 4546 
949|1: 3495 
950|1: 2696 
951|1: 1830 
952|5: 26 37 47 65 1758 
953|1: 68 
954|1: 55 
955|3: 60 7805 7806 
956|1: 2274 
957|1: 3211 
958|1: 8506 
959|1: 8507 
960|1: 8507 
961|1: 8495 
962|1: 9425 
963|0: 
964|2: 3283 7477 
965|1: 6458 
966|3: 6285 6286 9051 
967|1: 75 
968|1: 95 
969|1: 1455 
970|1: 14 
971|3: 7 513 2278 
972|7: 513 597 2215 3025 3372 3447 6532 
973|9: 2400 2749 3032 3402 3417 7586 7587 7588 7589 
974|3: 226 6147 6148 
975|1: 41 
976|3: 547 2729 8543 
977|1: 2712 
978|1: 9 
979|1: 3839 
980|3: 6287 7428 7430 
981|2: 3025 6689 
982|1: 8566 
983|1: 8508 
984|0: 
985|1: 8509 
986|9: 7 513 597 2215 2278 3025 3372 3447 6532 
987|0: 
988|1: 8510 
989|1: 8567 
990|2: 8466 8467 
991|2: 8741 8742 
992|1: 599 
993|1: 6288 
994|1: 8511 
995|2: 599 6288 
996|1: 3454 
997|1: 2538 
998|1: 16 
999|1: 2589 
1000|1: 3833 
1001|1: 8102 
1002|1: 9372 
1003|2: 6289 7106 
1004|8: 699 3663 4528 5958 5964 7185 7186 8140 
1005|6: 698 3518 4524 4628 4630 6869 
1006|2: 1400 3042 
1007|1: 2265 
1008|1: 2146 
1009|1: 2273 
1010|5: 1401 3043 3683 8278 8568 
1011|1: 8131 
1012|1: 2789 
1013|1: 580 
1014|3: 3113 6937 6942 
1015|1: 1298 
1016|1: 2833 
1017|2: 3766 5913 
1018|1: 1989 
1019|3: 667 7732 7733 
1020|1: 2102 
1021|1: 762 
1022|1: 2886 
1023|1: 841 
1024|1: 1825 
1025|1: 3954 
1026|1: 3471 
1027|2: 1181 2148 
1028|1: 1297 
1029|3: 1755 3955 3956 
1030|3: 1756 3957 3958 
1031|1: 1373 
1032|2: 1370 3113 
1033|3: 1372 2619 7592 
1034|1: 2783 
1035|1: 3959 
1036|2: 3346 3497 
1037|2: 2970 6732 
1038|3: 2966 4476 6901 
1039|1: 1371 
1040|1: 1119 
1041|1: 35 
1042|1: 4916 
1043|2: 4974 5782 
1044|2: 4217 4917 
1045|2: 4403 4918 
1046|1: 4919 
1047|1: 6290 
1048|3: 6068 6069 8684 
1049|5: 580 2306 2488 3115 6459 
1050|1: 6460 
1051|1: 6461 
1052|1: 6462 
1053|1: 3542 
1054|2: 3043 8568 
1055|1: 6170 
1056|1: 8783 
1057|1: 6174 
1058|1: 8811 
1059|1: 8812 
1060|1: 27 
1061|3: 9104 9105 9106 
1062|1: 9186 
1063|1: 4477 
1064|1: 7931 
1065|1: 9535 
1066|1: 9536 
1067|1: 9538 
1068|1: 9537 
1069|1: 7906 
1070|1: 9185 
1071|1: 4629 
1072|1: 8603 
1073|1: 9499 
1074|3: 9552 9553 9554 
1075|1: 479 
1076|1: 384 
1077|1: 581 
1078|1: 267 
1079|1: 2687 
1080|1: 3499 
1081|1: 3475 
1082|1: 3510 
1083|1: 590 
1084|1: 6239 
1085|1: 7962 
1086|1: 21 
1087|1: 8570 
1088|1: 8574 
1089|1: 8785 
1090|1: 9217 
1091|1: 5838 
1092|1: 1012 
1093|1: 582 
1094|1: 2041 
1095|2: 1072 2760 
1096|1: 1598 
1097|1: 2896 
1098|3: 1215 7666 7667 
1099|1: 2759 
1100|1: 2956 
1101|7: 2080 3127 4304 6427 7066 7069 7070 
1102|1: 2118 
1103|1: 3278 
1104|7: 3274 3275 4350 5496 5497 5500 6291 
1105|8: 2574 3276 5511 5512 5516 5517 5518 5519 
1106|1: 3212 
1107|2: 2575 5510 
1108|1: 3506 
1109|1: 4547 
1110|1: 4920 
1111|6: 3679 4301 4302 4921 5701 6463 
1112|1: 5049 
1113|3: 4685 4687 4688 
1114|5: 2081 3080 5712 6464 7152 
1115|5: 1829 2676 5700 6465 7153 
1116|1: 6292 
1117|2: 6293 6294 
1118|1: 4461 
1119|3: 8513 8514 9052 
1120|1: 8575 
1121|0: 
1122|0: 
1123|2: 3178 4376 
1124|2: 4377 8406 
1125|0: 
1126|3: 8786 9077 9078 
1127|1: 9151 
1128|3: 9138 9139 9140 
1129|1: 9304 
1130|1: 9426 
1131|1: 9427 
1132|1: 9395 
1133|1: 8367 
1134|1: 9500 
1135|2: 9468 9505 
1136|2: 9517 9520 
1137|2: 703 704 
1138|1: 3036 
1139|2: 2902 2903 
1140|1: 3931 
1141|1: 3117 
1142|1: 1405 
1143|1: 2835 
1144|8: 4825 4826 6295 7171 7172 7179 7180 7181 
1145|3: 3052 8157 8158 
1146|12: 2539 4646 4647 4648 4649 4650 4651 6025 6046 6053 6778 8165 
1147|1: 886 
1148|1: 4404 
1149|1: 4396 
1150|1: 4405 
1151|2: 4922 4923 
1152|4: 4490 4491 4492 4493 
1153|2: 5907 5908 
1154|1: 7963 
1155|1: 8558 
1156|2: 4638 8515 
1157|5: 700 4835 6031 6052 6055 
1158|1: 1112 
1159|1: 2889 
1160|1: 3501 
1161|1: 2419 
1162|4: 697 3058 3060 4480 
1163|3: 2865 3891 7334 
1164|1: 1664 
1165|1: 3553 
1166|2: 1915 7857 
1167|1: 1109 
1168|1: 3098 
1169|1: 1916 
1170|9: 4126 4127 7571 7776 7777 7801 7802 7803 7804 
1171|1: 2177 
1172|3: 1260 6469 8001 
1173|2: 2141 2143 
1174|2: 3124 3125 
1175|2: 3438 4665 
1176|7: 2079 2675 3103 5698 5699 7075 7104 
1177|2: 1893 5772 
1178|1: 1397 
1179|1: 2208 
1180|6: 973 974 2412 6210 8147 8154 
1181|1: 2980 
1182|2: 2184 2185 
1183|1: 2957 
1184|1: 2587 
1185|1: 3323 
1186|1: 706 
1187|1: 3191 
1188|2: 1110 1112 
1189|1: 3661 
1190|1: 839 
1191|2: 3734 5736 
1192|2: 3305 4036 
1193|2: 3496 8199 
1194|3: 93 477 478 
1195|2: 3439 3440 
1196|6: 625 3838 5739 6296 7711 9644 
1197|1: 2057 
1198|1: 3410 
1199|1: 1844 
1200|1: 2104 
1201|1: 2103 
1202|1: 2105 
1203|3: 3425 6297 6853 
1204|1: 2564 
1205|2: 2573 6850 
1206|1: 5717 
1207|5: 1874 6298 6299 7274 7275 
1208|1: 4035 
1209|1: 4038 
1210|1: 4043 
1211|1: 2084 
1212|1: 383 
1213|1: 4406 
1214|1: 4402 
1215|2: 2142 2144 
1216|4: 1111 1113 1398 1399 
1217|1: 2816 
1218|1: 4924 
1219|3: 2312 3702 4925 
1220|4: 4668 4926 4927 6300 
1221|2: 4842 4928 
1222|1: 4929 
1223|13: 3722 3872 4930 4931 4933 4934 4935 6571 6574 6579 6598 9053 9054 
1224|1: 5047 
1225|2: 3049 5025 
1226|1: 5069 
1227|1: 5483 
1228|1: 5482 
1229|4: 5466 5467 5468 9062 
1230|5: 5469 5470 5471 5472 9063 
1231|1: 5301 
1232|4: 5441 5442 5443 9064 
1233|1: 4503 
1234|1: 4449 
1235|1: 6008 
1236|5: 6301 6302 6303 6453 6454 
1237|1: 6304 
1238|11: 2079 2675 3126 4205 5698 5699 6466 6467 9065 9251 9253 
1239|6: 5717 5718 5759 5760 6468 6820 
1240|6: 6062 6063 6305 6306 9066 9067 
1241|1: 5021 
1242|1: 6307 
1243|1: 6308 
1244|1: 6309 
1245|1: 4140 
1246|1: 6310 
1247|2: 6311 6312 
1248|1: 6313 
1249|1: 6314 
1250|4: 6315 6469 7778 7983 
1251|1: 6470 
1252|1: 7276 
1253|1: 7964 
1254|1: 7965 
1255|9: 5558 5559 5560 5561 5572 7967 8394 8395 8396 
1256|5: 7893 7894 7895 7896 9068 
1257|4: 5570 8389 8393 8397 
1258|1: 5525 
1259|3: 5528 9073 9074 
1260|1: 8128 
1261|1: 8516 
1262|4: 6860 6861 6865 6866 
1263|1: 8517 
1264|1: 7807 
1265|1: 8035 
1266|1: 8049 
1267|7: 8407 9023 9024 9025 9027 9028 9029 
1268|7: 7718 9023 9024 9025 9027 9028 9029 
1269|1: 8576 
1270|1: 8578 
1271|3: 8579 8580 9069 
1272|3: 7272 7273 9076 
1273|1: 8552 
1274|5: 7707 8581 8582 8583 8584 
1275|4: 7231 8585 8586 8587 
1276|2: 8518 8519 
1277|2: 5911 5912 
1278|2: 7038 7039 
1279|11: 6619 6647 6648 6650 6651 6657 6658 6659 6661 6925 8748 
1280|1: 8588 
1281|1: 8787 
1282|2: 2456 2457 
1283|3: 8813 8814 8815 
1284|3: 8816 8817 8818 
1285|2: 4835 8819 
1286|3: 6789 6851 6852 
1287|1: 6498 
1288|1: 6516 
1289|1: 6517 
1290|1: 6518 
1291|1: 8860 
1292|1: 8861 
1293|1: 8862 
1294|5: 8863 8864 8865 8866 8920 
1295|1: 8867 
1296|1: 8868 
1297|1: 8869 
1298|1: 4827 
1299|1: 8839 
1300|1: 8933 
1301|5: 3756 8921 8922 8923 8924 
1302|1: 7828 
1303|1: 8934 
1304|2: 4733 4734 
1305|0: 
1306|1: 7827 
1307|1: 9072 
1308|4: 9019 9020 9021 9022 
1309|1: 3099 
1310|1: 9040 
1311|1: 9041 
1312|1: 3531 
1313|1: 8476 
1314|6: 93 477 478 9101 9102 9103 
1315|0: 
1316|1: 4487 
1317|1: 9175 
1318|2: 5686 5687 
1319|1: 9148 
1320|1: 9149 
1321|2: 6783 6784 
1322|4: 9305 9306 9307 9308 
1323|2: 9309 9310 
1324|2: 9311 9312 
1325|1: 9313 
1326|1: 9396 
1327|8: 7028 7029 7030 7031 7042 7043 7046 7047 
1328|8: 7012 7027 7034 7035 7040 7041 7048 7049 
1329|1: 5821 
1330|5: 5826 5827 5828 5829 5830 
1331|1: 9448 
1332|1: 9518 
1333|1: 9567 
1334|6: 5629 5630 5631 9601 9602 9603 
1335|1: 9630 
1336|3: 9635 9636 9637 
1337|1: 4499 
1338|66: 1569 2002 2003 2004 2132 2645 2646 2647 2922 3116 3177 3546 3547 4488 6114 6115 6135 6136 6155 6156 6157 6158 6159 6161 6163 6164 6165 6167 6168 6169 6191 6192 6193 6197 6199 6210 6211 7012 7016 7018 7333 7335 7338 7354 7355 7361 7362 7380 7411 7412 7413 7458 7459 7460 8408 8409 8410 8411 8412 8420 8422 8425 8427 8428 8429 8446 
1339|2: 3029 9529 
1340|2: 6316 9200 
1341|1: 8573 
1342|1: 8520 
1343|2: 2302 2830 
1344|1: 8799 
1345|1: 4707 
1346|1: 8820 
1347|1: 7950 
1348|8: 1567 1999 2130 2644 4088 4090 9490 9493 
1349|1: 3284 
1350|7: 1159 1160 1941 2462 6154 6159 7458 
1351|10: 1881 2328 2329 2430 2798 2799 2853 3311 4160 7989 
1352|2: 2798 2799 
1353|7: 1253 2326 2327 3384 4016 4163 4164 
1354|2: 4936 6504 
1355|1: 8589 
1356|4: 6614 6615 6626 6627 
1357|1: 9043 
1358|1: 9152 
1359|1: 9118 
1360|1: 9314 
1361|2: 1530 6317 
1362|2: 1548 6318 
1363|1: 1549 
1364|2: 1547 6319 
1365|1: 3483 
1366|1: 3263 
1367|1: 2159 
1368|1: 3365 
1369|1: 6320 
1370|10: 26 37 47 626 1758 2010 2030 2525 4029 4190 
1371|2: 954 1537 
1372|1: 8521 
1373|1: 1885 
1374|2: 2890 7232 
1375|3: 3280 6176 7006 
1376|0: 
1377|0: 
1378|0: 
1379|1: 7905 
1380|1: 9156 
1381|1: 4530 
1382|1: 8011 
1383|1: 9397 
1384|1: 4026 
1385|1: 3299 
1386|3: 4030 4442 4447 
1387|1: 4032 
1388|1: 3788 
1389|5: 2838 6321 6575 6580 6594 
1390|2: 7954 7955 
1391|2: 6819 8604 
1392|1: 9315 
1393|1: 9398 
1394|3: 59 1369 1375 
1395|3: 2945 2946 2947 
1396|2: 259 3164 
1397|1: 1876 
1398|7: 1806 1875 3253 4161 4162 7583 7584 
1399|7: 1805 1877 2426 2851 3254 3309 4015 
1400|1: 2643 
1401|1: 1561 
1402|1: 1878 
1403|1: 1120 
1404|1: 3932 
1405|1: 3004 
1406|1: 3360 
1407|1: 2021 
1408|1: 1299 
1409|1: 3781 
1410|1: 2747 
1411|1: 3721 
1412|1: 3817 
1413|2: 4548 6322 
1414|2: 4549 6323 
1415|1: 4937 
1416|1: 4938 
1417|1: 4939 
1418|4: 27 9079 9080 9081 
1419|1: 5480 
1420|1: 6324 
1421|3: 122 8162 8522 
1422|1: 8090 
1423|1: 8605 
1424|2: 8606 8607 
1425|4: 6729 8673 8728 8729 
1426|2: 6620 6924 
1427|2: 8935 8936 
1428|1: 9187 
1429|2: 9449 9489 
1430|1: 227 
1431|1: 4940 
1432|1: 2397 
1433|1: 3548 
1434|1: 81 
1435|1: 82 
1436|1: 90 
1437|1: 2568 
1438|1: 77 
1439|1: 4426 
1440|1: 8544 
1441|0: 
1442|1: 64 
1443|1: 8740 
1444|1: 4450 
1445|0: 
1446|2: 2907 2908 
1447|4: 5075 6325 7278 7279 
1448|3: 5693 5694 5766 
1449|2: 1508 1781 
1450|1: 1471 
1451|1: 8821 
1452|2: 3616 3617 
1453|1: 8477 
1454|1: 8937 
1455|1: 2405 
1456|8: 56 1509 1783 7015 7050 7051 7052 7303 
1457|1: 6327 
1458|7: 1713 1714 1715 1720 3693 7431 7432 
1459|5: 1711 1716 1718 1719 3710 
1460|1: 6328 
1461|1: 7053 
1462|1: 7744 
1463|1: 8078 
1464|2: 2282 6329 
1465|1: 4942 
1466|3: 6471 7782 7785 
1467|2: 836 1216 
1468|2: 3421 6326 
1469|1: 1700 
1470|2: 1022 9153 
1471|2: 1700 5067 
1472|2: 1700 1701 
1473|1: 9044 
1474|1: 9153 
1475|0: 
1476|7: 2 54 126 2393 4107 4428 4711 
1477|1: 4429 
1478|1: 4943 
1479|1: 8788 
1480|1: 4944 
1481|1: 4945 
1482|0: 
1483|2: 4948 8788 
1484|1: 4949 
1485|1: 4179 
1486|1: 36 
1487|1: 3296 
1488|1: 49 
1489|1: 50 
1490|6: 6330 6331 7078 7081 7082 7083 
1491|0: 
1492|1: 9154 
1493|1: 8569 
1494|1: 2414 
1495|1: 6332 
1496|1: 6333 
1497|1: 6334 
1498|1: 3511 
1499|1: 7645 
1500|3: 8524 8525 9055 
1501|1: 9218 
1502|1: 9219 
1503|1: 9220 
1504|1: 9221 
1505|1: 3066 
1506|1: 3695 
1507|1: 4045 
1508|4: 4714 4715 4716 4950 
1509|1: 6335 
1510|1: 3209 
1511|1: 6336 
1512|1: 8545 
1513|1: 1088 
1514|1: 1602 
1515|1: 3576 
1516|2: 2680 4208 
1517|1: 2410 
1518|10: 705 2158 2497 2834 3698 4091 4093 4187 4193 6428 
1519|1: 1472 
1520|1: 1824 
1521|2: 1057 4232 
1522|1: 553 
1523|1: 3649 
1524|2: 552 4098 
1525|2: 810 8369 
1526|2: 3792 8369 
1527|1: 1161 
1528|3: 1133 2924 2933 
1529|1: 1743 
1530|1: 3784 
1531|1: 2195 
1532|1: 311 
1533|1: 1365 
1534|1: 1818 
1535|1: 1061 
1536|1: 3220 
1537|1: 2031 
1538|2: 2157 3472 
1539|1: 511 
1540|1: 2494 
1541|1: 505 
1542|2: 323 4167 
1543|2: 3120 4876 
1544|1: 1017 
1545|1: 1016 
1546|2: 3808 6570 
1547|1: 3077 
1548|4: 3332 3389 4174 4175 
1549|4: 998 3816 9501 9502 
1550|1: 1779 
1551|0: 
1552|2: 1675 1676 
1553|4: 1841 2398 2489 7602 
1554|2: 3047 5027 
1555|1: 984 
1556|1: 1431 
1557|1: 510 
1558|1: 3273 
1559|1: 3375 
1560|4: 3332 3568 4174 4175 
1561|4: 3332 3498 4174 4175 
1562|1: 512 
1563|1: 3257 
1564|1: 3709 
1565|3: 4818 6340 7824 
1566|1: 3110 
1567|4: 3181 7304 7307 7314 
1568|6: 2026 2887 5729 5730 5731 5732 
1569|2: 2464 7603 
1570|1: 2551 
1571|2: 1133 2933 
1572|1: 2534 
1573|1: 3184 
1574|1: 3062 
1575|2: 1826 4300 
1576|1: 3611 
1577|1: 3206 
1578|1: 2925 
1579|1: 2239 
1580|1: 4550 
1581|1: 2960 
1582|1: 3876 
1583|1: 2243 
1584|1: 3739 
1585|1: 2447 
1586|1: 3786 
1587|1: 3509 
1588|2: 3773 8105 
1589|1: 3591 
1590|2: 2769 5076 
1591|4: 6341 6593 9470 9471 
1592|2: 2194 8374 
1593|1: 2275 
1594|4: 3856 7536 7537 9298 
1595|1: 3452 
1596|1: 3869 
1597|1: 2443 
1598|1: 2444 
1599|3: 1730 5986 5987 
1600|2: 1653 5733 
1601|1: 3802 
1602|1: 7612 
1603|4: 2737 3399 6342 6343 
1604|1: 3385 
1605|2: 2665 9385 
1606|2: 2664 9299 
1607|1: 842 
1608|1: 3725 
1609|1: 2570 
1610|4: 1842 4046 7814 7824 
1611|5: 4028 4047 4443 4448 7836 
1612|2: 3297 4444 
1613|1: 3300 
1614|1: 3198 
1615|1: 4042 
1616|1: 4040 
1617|2: 4048 4445 
1618|3: 4027 4050 7832 
1619|1: 4051 
1620|2: 4051 6344 
1621|1: 4052 
1622|1: 4053 
1623|1: 4423 
1624|4: 4049 4373 4407 4446 
1625|1: 1018 
1626|1: 3398 
1627|2: 4424 5002 
1628|1: 4397 
1629|1: 4425 
1630|1: 4951 
1631|2: 4952 4953 
1632|1: 4954 
1633|1: 4028 
1634|1: 4956 
1635|1: 4957 
1636|1: 4972 
1637|1: 4960 
1638|1: 4961 
1639|3: 6345 9243 9244 
1640|1: 6346 
1641|1: 5764 
1642|3: 5919 6472 6798 
1643|1: 5001 
1644|1: 4451 
1645|1: 5949 
1646|1: 6347 
1647|1: 5932 
1648|3: 311 6348 9056 
1649|3: 6348 6349 9057 
1650|1: 6990 
1651|1: 6992 
1652|3: 6992 6993 6994 
1653|1: 6349 
1654|4: 311 6348 6349 9058 
1655|3: 4290 5979 8737 
1656|1: 8572 
1657|1: 8526 
1658|0: 
1659|0: 
1660|0: 
1661|4: 8614 8615 8680 8681 
1662|0: 
1663|1: 6339 
1664|1: 6339 
1665|1: 6339 
1666|1: 6339 
1667|3: 8613 8614 8615 
1668|0: 
1669|0: 
1670|0: 
1671|0: 
1672|0: 
1673|1: 6337 
1674|0: 
1675|0: 
1676|0: 
1677|0: 
1678|0: 
1679|1: 6338 
1680|1: 6338 
1681|0: 
1682|0: 
1683|0: 
1684|0: 
1685|0: 
1686|1: 6847 
1687|1: 6848 
1688|1: 8546 
1689|0: 
1690|0: 
1691|0: 
1692|4: 4282 4289 7817 8738 
1693|1: 506 
1694|1: 506 
1695|1: 506 
1696|0: 
1697|0: 
1698|0: 
1699|0: 
1700|0: 
1701|6: 6610 6613 6616 6618 6622 6624 
1702|0: 
1703|3: 2508 5721 6796 
1704|0: 
1705|0: 
1706|0: 
1707|0: 
1708|0: 
1709|0: 
1710|0: 
1711|0: 
1712|0: 
1713|2: 4287 7812 
1714|0: 
1715|0: 
1716|0: 
1717|0: 
1718|0: 
1719|1: 508 
1720|0: 
1721|0: 
1722|1: 8793 
1723|1: 8792 
1724|0: 
1725|1: 5597 
1726|1: 5608 
1727|1: 8822 
1728|1: 8824 
1729|1: 8823 
1730|1: 5623 
1731|3: 8870 8871 8872 
1732|1: 8012 
1733|0: 
1734|1: 8938 
1735|0: 
1736|1: 9369 
1737|2: 8105 8999 
1738|4: 8130 8997 8998 8999 
1739|2: 8997 9013 
1740|2: 8998 9014 
1741|2: 8130 9015 
1742|3: 8996 8999 9000 
1743|1: 9016 
1744|1: 8999 
1745|2: 4732 4739 
1746|1: 8939 
1747|0: 
1748|0: 
1749|2: 1949 9236 
1750|0: 
1751|0: 
1752|1: 9160 
1753|3: 9161 9162 9163 
1754|5: 9189 9190 9191 9192 9193 
1755|0: 
1756|0: 
1757|0: 
1758|2: 5940 5941 
1759|0: 
1760|1: 9325 
1761|1: 6824 
1762|1: 5003 
1763|0: 
1764|1: 9428 
1765|1: 9429 
1766|1: 9430 
1767|1: 9431 
1768|1: 9432 
1769|1: 9433 
1770|2: 6345 9245 
1771|1: 9412 
1772|1: 9413 
1773|1: 9477 
1774|1: 9453 
1775|1: 9435 
1776|1: 5896 
1777|1: 9476 
1778|1: 9476 
1779|1: 5818 
1780|1: 6849 
1781|1: 9562 
1782|4: 7830 7831 9581 9582 
1783|1: 5831 
1784|1: 9564 
1785|1: 9632 
1786|0: 
1787|0: 
1788|0: 
1789|0: 
1790|0: 
1791|1: 9653 
1792|2: 809 8106 
1793|2: 3719 3720 
1794|2: 962 3923 
1795|1: 2332 
1796|2: 1947 2732 
1797|1: 1047 
1798|1: 1430 
1799|1: 3391 
1800|3: 1045 1957 3550 
1801|2: 1041 1048 
1802|1: 6735 
1803|2: 299 796 
1804|1: 1201 
1805|1: 1202 
1806|1: 2514 
1807|1: 1203 
1808|2: 3684 4462 
1809|1: 1200 
1810|1: 6350 
1811|1: 7976 
1812|1: 7977 
1813|1: 5897 
1814|1: 9519 
1815|2: 9521 9522 
1816|3: 482 1441 1689 
1817|1: 2981 
1818|6: 911 1408 1560 5744 5980 5982 
1819|2: 1558 7636 
1820|3: 1239 5980 5981 
1821|1: 1995 
1822|1: 404 
1823|7: 5 12 189 2611 4012 4013 7704 
1824|1: 4839 
1825|1: 6351 
1826|1: 7236 
1827|1: 7629 
1828|2: 9045 9046 
1829|1: 212 
1830|1: 3108 
1831|1: 1030 
1832|1: 1745 
1833|5: 2033 7013 7108 7316 7318 
1834|1: 877 
1835|1: 2040 
1836|2: 193 788 
1837|3: 199 794 1005 
1838|1: 1573 
1839|1: 3152 
1840|2: 174 2191 
1841|2: 337 5034 
1842|2: 2198 4102 
1843|3: 726 2233 8384 
1844|17: 333 707 794 1005 3248 3316 3432 4075 4080 4721 6964 6968 6972 7010 7026 7162 7166 
1845|1: 417 
1846|1: 2232 
1847|1: 1002 
1848|3: 1913 2299 8478 
1849|1: 1637 
1850|4: 1177 3227 3228 3302 
1851|3: 1131 2944 3855 
1852|4: 1289 2166 5679 5688 
1853|1: 2662 
1854|1: 1258 
1855|1: 2425 
1856|1: 2625 
1857|1: 314 
1858|1: 501 
1859|1: 1514 
1860|1: 1390 
1861|1: 991 
1862|1: 2114 
1863|1: 1942 
1864|2: 1857 3356 
1865|1: 708 
1866|1: 1393 
1867|1: 1395 
1868|1: 4173 
1869|11: 2368 3746 4060 4253 4258 4261 4264 4269 6836 9110 9114 
1870|1: 869 
1871|1: 1790 
1872|1: 1540 
1873|2: 1541 1542 
1874|1: 1515 
1875|2: 2751 9119 
1876|1: 3045 
1877|1: 3946 
1878|1: 1097 
1879|3: 1903 2361 8385 
1880|1: 1904 
1881|1: 593 
1882|2: 177 6101 
1883|1: 3674 
1884|2: 985 3363 
1885|1: 3628 
1886|1: 2617 
1887|1: 3238 
1888|4: 1645 2192 2193 7614 
1889|1: 1132 
1890|1: 2944 
1891|2: 1387 8261 
1892|4: 3195 3197 7787 7788 
1893|1: 932 
1894|1: 2943 
1895|1: 494 
1896|4: 2581 7595 7596 7597 
1897|1: 2087 
1898|1: 3726 
1899|2: 2297 2298 
1900|4: 1383 7060 7061 7062 
1901|1: 1699 
1902|3: 2013 2014 7449 
1903|1: 3491 
1904|2: 3842 6889 
1905|2: 1335 5428 
1906|1: 4251 
1907|2: 3238 3740 
1908|1: 1608 
1909|1: 3641 
1910|1: 534 
1911|30: 1393 1395 1458 3746 3899 3900 3901 3902 3903 3908 3909 3928 3930 4059 4060 4253 4254 4255 4257 4258 4260 4261 4263 4264 4265 4266 4268 4269 4271 4430 
1912|30: 1393 1395 3746 3810 3899 3900 3901 3902 3903 3908 3909 3928 3930 4058 4060 4253 4254 4255 4256 4258 4259 4261 4262 4264 4265 4266 4267 4269 4270 4432 
1913|2: 2490 3231 
1914|1: 195 
1915|1: 3754 
1916|1: 40 
1917|1: 2633 
1918|1: 2849 
1919|1: 3623 
1920|1: 785 
1921|1: 1384 
1922|1: 1659 
1923|1: 3433 
1924|1: 2567 
1925|2: 1656 1861 
1926|1: 3461 
1927|1: 2906 
1928|1: 2713 
1929|1: 52 
1930|1: 2959 
1931|1: 3411 
1932|1: 2770 
1933|1: 3613 
1934|1: 709 
1935|1: 2032 
1936|1: 4431 
1937|1: 2115 
1938|1: 847 
1939|1: 3488 
1940|9: 3972 5921 5946 6793 6795 6805 6815 6828 6831 
1941|2: 3747 5922 
1942|1: 3755 
1943|2: 3463 7454 
1944|2: 1886 1887 
1945|1: 3797 
1946|1: 6352 
1947|1: 1813 
1948|1: 3753 
1949|1: 1657 
1950|1: 566 
1951|1: 3711 
1952|1: 3929 
1953|1: 3204 
1954|1: 2479 
1955|1: 3319 
1956|4: 1656 2056 6525 6526 
1957|1: 3849 
1958|3: 3884 7455 7457 
1959|2: 3859 6353 
1960|1: 3249 
1961|1: 1655 
1962|1: 2022 
1963|1: 2894 
1964|1: 3848 
1965|1: 3460 
1966|1: 3870 
1967|1: 2088 
1968|1: 3435 
1969|1: 2134 
1970|1: 4054 
1971|1: 4055 
1972|1: 4056 
1973|1: 4057 
1974|2: 2083 4044 
1975|4: 3793 3794 3795 4323 
1976|7: 4408 6953 6955 6956 7003 7004 7017 
1977|1: 4557 
1978|1: 3432 
1979|1: 4558 
1980|1: 4559 
1981|1: 4560 
1982|1: 6354 
1983|1: 5068 
1984|1: 6355 
1985|1: 5481 
1986|1: 6356 
1987|2: 4176 5534 
1988|1: 6357 
1989|1: 5484 
1990|1: 5485 
1991|3: 2270 2718 3526 
1992|3: 7501 8322 9236 
1993|1: 5723 
1994|4: 5926 5942 6358 7011 
1995|2: 5924 6983 
1996|1: 5931 
1997|1: 707 
1998|1: 2624 
1999|2: 3196 4131 
2000|1: 8623 
2001|1: 6093 
2002|10: 3746 4060 4253 4258 4261 4264 4269 6836 9110 9114 
2003|8: 1393 3746 4060 4253 4258 4261 4264 4269 
2004|2: 6840 6843 
2005|1: 6494 
2006|1: 7978 
2007|2: 7979 7980 
2008|2: 5868 7766 
2009|2: 5869 7767 
2010|1: 7984 
2011|1: 8112 
2012|1: 8624 
2013|1: 8527 
2014|1: 3915 
2015|1: 5034 
2016|0: 
2017|1: 8530 
2018|1: 8633 
2019|1: 8531 
2020|1: 8873 
2021|1: 5990 
2022|3: 6832 6836 8423 
2023|0: 
2024|1: 9095 
2025|1: 8843 
2026|1: 9094 
2027|0: 
2028|1: 9194 
2029|1: 9165 
2030|1: 9166 
2031|1: 9167 
2032|1: 9168 
2033|1: 9137 
2034|1: 9226 
2035|1: 9227 
2036|1: 9229 
2037|1: 5925 
2038|9: 5705 5706 6946 6949 6999 7000 7001 7002 9230 
2039|1: 9231 
2040|2: 7850 7852 
2041|2: 7847 7848 
2042|2: 7849 7851 
2043|1: 2083 
2044|1: 9232 
2045|1: 788 
2046|0: 
2047|2: 9454 9455 
2048|1: 9465 
2049|1: 9466 
2050|1: 9492 
2051|1: 9504 
2052|1: 9507 
2053|2: 9565 9566 
2054|1: 9563 
2055|1: 9654 
2056|2: 3450 3451 
2057|9: 423 1081 1442 3324 3369 3415 3416 3582 4236 
2058|1: 3242 
2059|2: 2346 3223 
2060|1: 3494 
2061|1: 3279 
2062|1: 1278 
2063|1: 3320 
2064|1: 3097 
2065|2: 3968 7822 
2066|1: 2602 
2067|1: 4022 
2068|1: 3426 
2069|1: 980 
2070|1: 3405 
2071|1: 7819 
2072|1: 7820 
2073|1: 7821 
2074|1: 7951 
2075|1: 9326 
2076|1: 9327 
2077|1: 9328 
2078|1: 297 
2079|1: 3210 
2080|1: 297 
2081|1: 3317 
2082|1: 797 
2083|1: 855 
2084|1: 1008 
2085|1: 298 
2086|1: 402 
2087|1: 1681 
2088|1: 798 
2089|1: 2603 
2090|1: 1038 
2091|1: 223 
2092|1: 4853 
2093|0: 
2094|4: 1553 1787 5235 5364 
2095|2: 1796 5363 
2096|2: 1554 5237 
2097|2: 1795 5249 
2098|2: 685 5219 
2099|2: 1334 5225 
2100|2: 3615 5244 
2101|2: 4389 5262 
2102|2: 241 5236 
2103|2: 2470 5208 
2104|4: 688 5221 6359 7731 
2105|2: 655 5256 
2106|4: 713 2340 5228 5404 
2107|2: 1986 5213 
2108|20: 1189 2005 2035 2112 2131 2481 2648 3743 3744 3745 4020 6218 7327 7329 7330 7331 7671 8430 8431 8432 
2109|2: 1786 5365 
2110|0: 
2111|2: 815 5241 
2112|2: 2061 5234 
2113|2: 428 5250 
2114|1: 1640 
2115|0: 
2116|2: 4435 5252 
2117|0: 
2118|0: 
2119|0: 
2120|2: 2471 5215 
2121|2: 2668 5204 
2122|2: 816 5243 
2123|1: 3294 
2124|2: 2679 7747 
2125|2: 2669 5205 
2126|2: 1062 3019 
2127|2: 1836 5306 
2128|4: 3913 5214 5347 5369 
2129|2: 3868 5180 
2130|1: 3830 
2131|6: 3804 5346 5366 5370 5372 5376 
2132|2: 1849 5098 
2133|4: 3735 4433 5255 5454 
2134|1: 1697 
2135|1: 3717 
2136|1: 2296 
2137|2: 1292 5453 
2138|2: 3239 3240 
2139|2: 2469 5207 
2140|1: 2898 
2141|1: 3480 
2142|2: 2319 5360 
2143|1: 6360 
2144|1: 1696 
2145|0: 
2146|1: 1694 
2147|1: 3940 
2148|7: 3979 4360 4361 5132 5139 5144 5147 
2149|3: 3112 4249 9033 
2150|2: 2330 5238 
2151|6: 3917 5334 5341 5342 5343 5344 
2152|1: 3865 
2153|2: 2929 5227 
2154|2: 5179 8324 
2155|12: 3512 5159 5209 5216 5220 5226 5268 5269 5272 5273 5335 5349 
2156|2: 2320 5361 
2157|1: 2034 
2158|1: 1695 
2159|1: 3424 
2160|1: 2733 
2161|2: 4834 5153 
2162|2: 1290 5451 
2163|2: 3065 3078 
2164|2: 2052 5254 
2165|1: 865 
2166|2: 3694 4249 
2167|2: 3966 5194 
2168|5: 2384 3897 5169 5325 5348 
2169|2: 3603 5156 
2170|2: 1031 5240 
2171|3: 1827 2803 5762 
2172|7: 2988 3943 4359 5129 5130 5137 5143 
2173|1: 355 
2174|1: 51 
2175|1: 728 
2176|2: 2668 5204 
2177|2: 13 5316 
2178|2: 3614 5362 
2179|1: 5174 
2180|3: 3934 5101 5103 
2181|1: 3064 
2182|1: 3041 
2183|1: 3057 
2184|1: 3167 
2185|2: 3505 6697 
2186|1: 3513 
2187|3: 2213 3094 3445 
2188|1: 2060 
2189|1: 3189 
2190|4: 3265 5695 5696 5697 
2191|2: 5928 5944 
2192|1: 861 
2193|2: 3504 7437 
2194|2: 2027 7881 
2195|1: 2651 
2196|1: 5099 
2197|2: 1019 5393 
2198|2: 1795 5249 
2199|5: 2027 2526 7598 7599 7881 
2200|1: 1845 
2201|1: 3084 
2202|4: 3888 5356 5357 5358 
2203|2: 5308 5309 
2204|2: 4296 5164 
2205|1: 5117 
2206|1: 5118 
2207|2: 3963 5119 
2208|1: 2828 
2209|1: 727 
2210|2: 3973 5201 
2211|2: 820 5245 
2212|0: 
2213|2: 3867 5161 
2214|2: 3873 5163 
2215|3: 3998 5176 6361 
2216|2: 5177 6362 
2217|2: 4006 5178 
2218|2: 3984 5092 
2219|2: 3007 5100 
2220|3: 3008 5101 5106 
2221|4: 2382 4003 5165 5166 
2222|2: 2383 5368 
2223|8: 3013 5095 5210 5223 5224 5258 5259 5278 
2224|1: 864 
2225|2: 4007 5182 
2226|1: 3727 
2227|1: 2295 
2228|1: 3552 
2229|2: 3337 4203 
2230|1: 1627 
2231|0: 
2232|1: 3803 
2233|4: 3999 4003 5166 5200 
2234|2: 3999 5200 
2235|2: 3969 5198 
2236|3: 32 5319 7672 
2237|2: 691 5311 
2238|0: 
2239|8: 2509 5920 6429 6792 6794 6803 6814 6827 
2240|1: 3040 
2241|1: 3051 
2242|1: 1789 
2243|1: 5120 
2244|3: 3960 5123 5125 
2245|1: 3161 
2246|1: 1918 
2247|2: 2313 4249 
2248|1: 3812 
2249|1: 3852 
2250|1: 3536 
2251|1: 3962 
2252|2: 3437 5230 
2253|1: 3847 
2254|3: 2477 6430 7094 
2255|1: 3162 
2256|2: 4771 5310 
2257|2: 5232 5246 
2258|1: 3079 
2259|1: 5952 
2260|1: 5953 
2261|1: 3936 
2262|1: 3749 
2263|1: 1118 
2264|5: 2754 7235 7716 7723 7742 
2265|1: 1473 
2266|0: 
2267|2: 2263 5107 
2268|2: 5231 5257 
2269|2: 3989 5183 
2270|2: 3938 6519 
2271|1: 1793 
2272|1: 3160 
2273|2: 3866 5162 
2274|0: 
2275|1: 4409 
2276|1: 4551 
2277|2: 4552 7901 
2278|2: 4553 5242 
2279|2: 4554 5251 
2280|1: 4555 
2281|2: 5202 8323 
2282|1: 6363 
2283|2: 4964 5229 
2284|1: 4965 
2285|1: 4966 
2286|1: 5074 
2287|1: 5233 
2288|1: 8300 
2289|1: 8301 
2290|2: 5121 6492 
2291|3: 5127 6431 9134 
2292|3: 5126 6432 9133 
2293|3: 5122 5124 6433 
2294|5: 4299 4863 5351 5352 5353 
2295|2: 2985 5151 
2296|0: 
2297|1: 6367 
2298|1: 6368 
2299|2: 6100 7655 
2300|1: 5933 
2301|5: 5945 5951 5954 6434 7095 
2302|2: 5935 6435 
2303|4: 6369 6985 6986 6996 
2304|3: 5929 5937 6436 
2305|3: 5930 5938 6437 
2306|1: 3844 
2307|1: 6364 
2308|0: 
2309|2: 6687 6688 
2310|2: 7986 9503 
2311|1: 7987 
2312|1: 8634 
2313|0: 
2314|3: 6986 6987 9059 
2315|1: 8636 
2316|1: 8735 
2317|1: 8734 
2318|1: 8532 
2319|2: 7005 8637 
2320|3: 8309 8678 8679 
2321|1: 5440 
2322|1: 5416 
2323|1: 5434 
2324|1: 5435 
2325|1: 5436 
2326|1: 5437 
2327|1: 8638 
2328|1: 6664 
2329|1: 8733 
2330|1: 5439 
2331|1: 8665 
2332|1: 5438 
2333|1: 8667 
2334|1: 8668 
2335|1: 8669 
2336|3: 8758 8759 8760 
2337|1: 8754 
2338|1: 8755 
2339|2: 2875 5452 
2340|2: 5168 8756 
2341|1: 6663 
2342|2: 5627 5628 
2343|1: 4738 
2344|1: 8940 
2345|1: 8941 
2346|1: 8942 
2347|1: 9093 
2348|1: 7936 
2349|1: 9091 
2350|1: 7942 
2351|2: 7079 7080 
2352|0: 
2353|0: 
2354|1: 9169 
2355|1: 9182 
2356|0: 
2357|0: 
2358|0: 
2359|1: 9233 
2360|4: 9258 9286 9287 9288 
2361|1: 9257 
2362|4: 6950 6951 6952 9256 
2363|5: 5707 5708 6947 6984 9255 
2364|3: 9254 9291 9292 
2365|3: 9252 9289 9290 
2366|4: 9406 9407 9408 9409 
2367|1: 5895 
2368|1: 9414 
2369|1: 9415 
2370|1: 9416 
2371|1: 9417 
2372|1: 9418 
2373|1: 9420 
2374|1: 9421 
2375|1: 9570 
2376|1: 9571 
2377|1: 9572 
2378|1: 9595 
2379|1: 9583 
2380|0: 
2381|1: 5617 
2382|1: 5618 
2383|1: 5619 
2384|0: 
2385|0: 
2386|0: 
2387|0: 
2388|0: 
2389|0: 
2390|12: 1340 1585 1673 1820 1952 1953 1955 2116 2180 2351 7436 9237 
2391|5: 1349 1595 1954 1956 2116 
2392|3: 1595 2116 7297 
2393|6: 1349 1673 2116 2351 7290 7298 
2394|1: 3312 
2395|2: 2396 3590 
2396|3: 158 1051 3768 
2397|7: 158 966 1051 1816 7305 7306 7313 
2398|1: 828 
2399|2: 1590 7299 
2400|1: 1090 
2401|1: 916 
2402|2: 1585 1820 
2403|1: 2257 
2404|1: 915 
2405|1: 917 
2406|1: 2869 
2407|1: 3738 
2408|1: 3571 
2409|2: 1051 1816 
2410|2: 3380 5266 
2411|1: 3894 
2412|1: 5116 
2413|1: 3637 
2414|1: 1206 
2415|2: 3258 9203 
2416|1: 3598 
2417|1: 476 
2418|1: 1268 
2419|1: 2877 
2420|1: 3728 
2421|3: 2804 5936 5939 
2422|1: 3507 
2423|1: 2952 
2424|1: 5203 
2425|0: 
2426|1: 1794 
2427|0: 
2428|0: 
2429|3: 8774 8775 8782 
2430|1: 8670 
2431|1: 9090 
2432|0: 
2433|0: 
2434|0: 
2435|1: 7940 
2436|1: 9250 
2437|4: 9249 9283 9284 9285 
2438|1: 8677 
2439|1: 6736 
2440|1: 9329 
2441|1: 9584 
2442|1: 9585 
2443|0: 
2444|7: 3898 4785 5096 5097 5181 5367 8303 
2445|2: 3995 5133 
2446|3: 5102 5105 5449 
2447|8: 3948 3995 4366 5104 5133 5140 5148 5158 
2448|1: 2972 
2449|3: 3953 5332 8302 
2450|1: 3983 
2451|12: 3926 3942 3980 3996 4005 4363 5131 5185 5189 5193 5196 5217 
2452|6: 2986 3978 3994 5128 5191 5195 
2453|3: 4000 5211 5222 
2454|2: 2987 5303 
2455|1: 4002 
2456|1: 4333 
2457|2: 8764 8765 
2458|2: 8766 8767 
2459|1: 8993 
2460|0: 
2461|2: 3633 5167 
2462|0: 
2463|3: 99 9606 9607 
2464|1: 1420 
2465|1: 2448 
2466|1: 2763 
2467|1: 149 
2468|0: 
2469|2: 146 4097 
2470|1: 563 
2471|1: 53 
2472|1: 1702 
2473|2: 2626 2627 
2474|3: 1634 2454 7427 
2475|3: 1285 4452 6371 
2476|23: 3016 6116 6117 6118 6137 6138 6139 6140 6181 6182 6195 6196 6203 6204 6205 6206 6212 6225 6228 7348 7577 7578 8413 
2477|1: 2964 
2478|2: 3370 7468 
2479|3: 600 2455 5401 
2480|1: 2454 
2481|1: 2807 
2482|1: 3203 
2483|1: 2583 
2484|1: 3706 
2485|1: 3477 
2486|1: 1421 
2487|1: 1748 
2488|1: 8253 
2489|1: 5614 
2490|4: 1751 3635 6373 9171 
2491|2: 1419 2519 
2492|1: 3267 
2493|2: 6374 6375 
2494|1: 2631 
2495|2: 4294 6376 
2496|1: 3581 
2497|1: 3889 
2498|1: 61 
2499|2: 15 1633 
2500|1: 1633 
2501|5: 4556 6566 6567 6568 6569 
2502|4: 766 2682 3090 4168 
2503|8: 856 1102 2136 2758 2796 4245 4246 4247 
2504|3: 554 1101 4168 
2505|1: 2683 
2506|1: 2684 
2507|1: 3520 
2508|1: 2681 
2509|1: 1557 
2510|1: 2790 
2511|2: 1538 3815 
2512|2: 2369 3815 
2513|1: 8845 
2514|0: 
2515|0: 
2516|1: 69 
2517|2: 5459 8074 
2518|1: 8639 
2519|2: 766 6377 
2520|1: 4684 
2521|1: 7988 
2522|1: 7593 
2523|1: 7990 
2524|1: 7991 
2525|1: 7992 
2526|1: 3691 
2527|1: 7638 
2528|1: 4821 
2529|1: 959 
2530|1: 8533 
2531|1: 8400 
2532|1: 3835 
2533|1: 8534 
2534|1: 8640 
2535|1: 6564 
2536|1: 8252 
2537|1: 8251 
2538|2: 6370 8256 
2539|2: 6370 8257 
2540|1: 8250 
2541|1: 4762 
2542|1: 8732 
2543|1: 8731 
2544|1: 8254 
2545|1: 8255 
2546|1: 8635 
2547|1: 8047 
2548|1: 8641 
2549|1: 8761 
2550|3: 600 6727 8794 
2551|1: 8842 
2552|0: 
2553|3: 1751 6373 6989 
2554|1: 9195 
2555|1: 9296 
2556|1: 9170 
2557|1: 600 
2558|1: 9330 
2559|1: 9331 
2560|1: 9332 
2561|1: 9333 
2562|1: 9436 
2563|1: 9437 
2564|1: 9438 
2565|1: 5883 
2566|2: 7122 7123 
2567|1: 9586 
2568|1: 9587 
2569|0: 
2570|0: 
2571|0: 
2572|0: 
2573|0: 
2574|1: 9640 
2575|8: 301 594 629 764 765 2072 2235 4315 
2576|1: 211 
2577|1: 764 
2578|1: 315 
2579|3: 594 629 6491 
2580|1: 933 
2581|2: 1661 3593 
2582|1: 2785 
2583|3: 594 629 2780 
2584|1: 1943 
2585|2: 342 1080 
2586|3: 569 570 1156 
2587|1: 1158 
2588|1: 493 
2589|1: 657 
2590|1: 3850 
2591|2: 774 3608 
2592|2: 775 1412 
2593|7: 979 1157 1361 2094 2436 2501 4316 
2594|1: 3609 
2595|2: 2802 4315 
2596|1: 2748 
2597|1: 3401 
2598|2: 585 2304 
2599|1: 1185 
2600|2: 986 6378 
2601|1: 1464 
2602|1: 1465 
2603|1: 1865 
2604|2: 2371 2372 
2605|1: 3896 
2606|1: 316 
2607|1: 389 
2608|1: 3575 
2609|1: 992 
2610|1: 1650 
2611|1: 1737 
2612|1: 2569 
2613|3: 933 1039 1864 
2614|1: 1932 
2615|2: 313 315 
2616|1: 502 
2617|1: 1951 
2618|1: 2541 
2619|1: 1935 
2620|1: 1757 
2621|1: 2377 
2622|1: 500 
2623|2: 3595 4343 
2624|3: 978 1359 5032 
2625|2: 775 1439 
2626|1: 2997 
2627|5: 594 629 1479 2671 6491 
2628|2: 592 8260 
2629|1: 3818 
2630|1: 2672 
2631|1: 2771 
2632|1: 1662 
2633|1: 1184 
2634|2: 3467 3468 
2635|1: 1040 
2636|2: 933 2614 
2637|1: 570 
2638|1: 595 
2639|1: 387 
2640|1: 3646 
2641|1: 555 
2642|1: 2623 
2643|1: 3730 
2644|1: 6092 
2645|1: 4854 
2646|1: 1479 
2647|1: 6379 
2648|1: 6380 
2649|1: 3634 
2650|3: 986 6503 9060 
2651|1: 6690 
2652|1: 7267 
2653|1: 1468 
2654|1: 7996 
2655|1: 6734 
2656|1: 7674 
2657|1: 5594 
2658|1: 8825 
2659|1: 8826 
2660|1: 7939 
2661|1: 9089 
2662|1: 7945 
2663|2: 9172 9173 
2664|0: 
2665|1: 9136 
2666|1: 9174 
2667|1: 7932 
2668|1: 7933 
2669|1: 9441 
2670|1: 5784 
2671|0: 
2672|0: 
2673|0: 
2674|0: 
2675|1: 3264 
2676|2: 3357 6381 
2677|1: 5031 
2678|1: 9442 
2679|1: 9622 
2680|22: 248 620 649 740 748 971 972 1139 1140 1143 1376 1523 1665 1668 1669 2433 2434 2435 2450 2452 2453 3373 
2681|3: 248 1376 1523 
2682|2: 739 3285 
2683|3: 649 740 3373 
2684|2: 1618 2578 
2685|1: 935 
2686|1: 1139 
2687|1: 1665 
2688|1: 813 
2689|10: 647 656 658 659 1570 2774 2775 2776 2777 4104 
2690|1: 1484 
2691|1: 2267 
2692|1: 1571 
2693|2: 898 2353 
2694|2: 1315 2077 
2695|1: 1407 
2696|1: 897 
2697|1: 1312 
2698|1: 154 
2699|3: 1346 1777 7301 
2700|1: 1975 
2701|1: 87 
2702|1: 109 
2703|2: 434 4229 
2704|1: 471 
2705|1: 2070 
2706|1: 906 
2707|1: 867 
2708|1: 722 
2709|1: 1303 
2710|1: 875 
2711|3: 2542 2582 3780 
2712|1: 2542 
2713|3: 144 1624 2125 
2714|1: 1907 
2715|1: 1511 
2716|8: 168 366 489 562 619 970 1580 1971 
2717|1: 822 
2718|1: 472 
2719|1: 1271 
2720|1: 1682 
2721|1: 1325 
2722|1: 1497 
2723|1: 1315 
2724|19: 438 441 442 824 826 829 830 832 1330 1331 1599 1769 1774 1775 1978 1983 2018 2019 7300 
2725|1: 2975 
2726|1: 3827 
2727|1: 2779 
2728|1: 2706 
2729|2: 1617 6238 
2730|1: 1352 
2731|1: 3067 
2732|2: 1753 2774 
2733|1: 2904 
2734|1: 1027 
2735|2: 2260 2309 
2736|5: 3304 7472 7473 7474 7475 
2737|2: 2697 7580 
2738|3: 1851 1853 1855 
2739|2: 1010 6382 
2740|1: 2901 
2741|1: 4830 
2742|1: 2882 
2743|1: 2973 
2744|26: 693 2245 2246 2308 2341 2376 2634 2772 3508 3538 3782 3783 4382 4438 4775 5013 5391 5407 5414 5415 6746 7434 7435 7621 7902 9389 
2745|1: 2053 
2746|1: 1888 
2747|2: 965 1050 
2748|3: 154 1427 1972 
2749|1: 1767 
2750|3: 2511 4533 6438 
2751|1: 3303 
2752|1: 892 
2753|1: 499 
2754|1: 2897 
2755|1: 1264 
2756|1: 2842 
2757|1: 3394 
2758|2: 1240 5355 
2759|1: 88 
2760|1: 1890 
2761|1: 2911 
2762|1: 1809 
2763|2: 653 1754 
2764|2: 1639 2547 
2765|1: 4862 
2766|1: 3551 
2767|3: 2359 2360 3226 
2768|1: 1607 
2769|1: 3566 
2770|1: 2504 
2771|1: 3237 
2772|1: 3095 
2773|1: 2335 
2774|1: 1422 
2775|1: 1902 
2776|1: 873 
2777|1: 1671 
2778|1: 1350 
2779|1: 1347 
2780|1: 3241 
2781|1: 868 
2782|1: 1811 
2783|1: 2940 
2784|1: 4001 
2785|1: 2983 
2786|1: 3250 
2787|1: 2883 
2788|1: 1288 
2789|1: 2982 
2790|1: 725 
2791|1: 3179 
2792|1: 2774 
2793|1: 4999 
2794|2: 4998 8091 
2795|3: 4997 8092 8093 
2796|1: 4837 
2797|1: 4996 
2798|1: 4995 
2799|3: 4993 4994 9061 
2800|1: 3910 
2801|1: 4988 
2802|2: 4453 5716 
2803|1: 8007 
2804|1: 4439 
2805|2: 2936 2937 
2806|0: 
2807|1: 7635 
2808|3: 8002 8007 8008 
2809|1: 8730 
2810|1: 7291 
2811|1: 7633 
2812|1: 8768 
2813|1: 4848 
2814|1: 8771 
2815|1: 8382 
2816|1: 8642 
2817|0: 
2818|0: 
2819|1: 2868 
2820|1: 8943 
2821|1: 8944 
2822|1: 8945 
2823|1: 5692 
2824|2: 1325 2904 
2825|1: 5742 
2826|1: 9589 
2827|1: 9631 
2828|1: 9633 
2829|2: 263 1165 
2830|2: 124 1199 
2831|1: 1301 
2832|1: 410 
2833|1: 443 
2834|1: 1443 
2835|1: 2259 
2836|1: 1306 
2837|1: 200 
2838|1: 268 
2839|1: 201 
2840|1: 3443 
2841|2: 263 1165 
2842|1: 2197 
2843|1: 1600 
2844|1: 475 
2845|1: 3255 
2846|2: 3171 6091 
2847|1: 3390 
2848|1: 3777 
2849|1: 118 
2850|1: 2244 
2851|1: 1220 
2852|1: 1850 
2853|1: 2782 
2854|2: 106 1329 
2855|3: 130 281 1776 
2856|13: 103 116 128 277 278 487 617 969 1579 1771 1977 1982 3023 
2857|1: 3879 
2858|2: 279 1768 
2859|2: 1772 1776 
2860|2: 129 280 
2861|1: 1329 
2862|3: 117 1768 1772 
2863|1: 3670 
2864|3: 130 437 1426 
2865|1: 525 
2866|1: 526 
2867|1: 1854 
2868|1: 1960 
2869|1: 3647 
2870|1: 1852 
2871|2: 8094 9526 
2872|1: 130 
2873|1: 5961 
2874|2: 4992 8004 
2875|2: 437 1426 
2876|1: 9088 
2877|0: 
2878|0: 
2879|1: 896 
2880|2: 525 528 
2881|1: 2998 
2882|1: 2794 
2883|1: 365 
2884|2: 114 2572 
2885|1: 133 
2886|1: 2598 
2887|2: 452 4230 
2888|1: 453 
2889|5: 370 376 377 378 379 
2890|5: 318 319 320 321 322 
2891|5: 372 373 374 375 6385 
2892|1: 239 
2893|1: 427 
2894|1: 1267 
2895|1: 818 
2896|1: 755 
2897|2: 1731 3654 
2898|2: 1609 2209 
2899|2: 114 2572 
2900|1: 370 
2901|1: 754 
2902|1: 354 
2903|1: 1979 
2904|1: 812 
2905|2: 2698 2845 
2906|1: 1658 
2907|1: 322 
2908|1: 1980 
2909|1: 819 
2910|1: 817 
2911|1: 899 
2912|2: 2692 7581 
2913|1: 2693 
2914|1: 2872 
2915|1: 730 
2916|1: 2498 
2917|1: 1533 
2918|1: 2977 
2919|3: 955 2218 3632 
2920|1: 1188 
2921|1: 10 
2922|2: 2071 8054 
2923|1: 1889 
2924|5: 370 376 377 378 379 
2925|1: 322 
2926|1: 3293 
2927|1: 1389 
2928|1: 378 
2929|2: 105 1388 
2930|1: 6386 
2931|1: 2895 
2932|1: 1295 
2933|1: 4067 
2934|1: 4836 
2935|0: 
2936|1: 4454 
2937|2: 6844 6845 
2938|3: 1188 2635 7887 
2939|1: 7128 
2940|0: 
2941|1: 8006 
2942|1: 8401 
2943|1: 6753 
2944|1: 4846 
2945|1: 8773 
2946|4: 8386 8387 8388 8390 
2947|2: 6548 6551 
2948|1: 8671 
2949|1: 8727 
2950|0: 
2951|0: 
2952|1: 8753 
2953|0: 
2954|0: 
2955|1: 8844 
2956|1: 9176 
2957|1: 9177 
2958|0: 
2959|1: 9334 
2960|1: 9443 
2961|1: 9444 
2962|4: 1744 4222 5536 6480 
2963|4: 1134 3716 4224 6485 
2964|1: 1610 
2965|1: 2186 
2966|1: 1535 
2967|1: 1321 
2968|1: 1394 
2969|1: 1534 
2970|1: 3377 
2971|1: 1641 
2972|1: 1536 
2973|1: 3481 
2974|2: 4832 4833 
2975|2: 3514 5413 
2976|2: 863 5160 
2977|1: 3690 
2978|1: 429 
2979|1: 3601 
2980|2: 3881 4340 
2981|0: 
2982|1: 2663 
2983|3: 4410 7910 7911 
2984|1: 4987 
2985|1: 4455 
2986|1: 8009 
2987|1: 8402 
2988|1: 6473 
2989|1: 8643 
2990|1: 8644 
2991|1: 7898 
2992|1: 8672 
2993|1: 9132 
2994|1: 9178 
2995|1: 9179 
2996|2: 9248 9422 
2997|1: 9445 
2998|1: 9446 
2999|1: 171 
3000|1: 167 
3001|1: 3085 
3002|0: 
3003|0: 
3004|1: 2203 
3005|1: 2203 
3006|2: 134 3119 
3007|1: 2954 
3008|1: 3947 
3009|1: 3010 
3010|1: 3789 
3011|1: 3678 
3012|1: 3462 
3013|1: 134 
3014|1: 134 
3015|1: 134 
3016|1: 134 
3017|1: 134 
3018|1: 134 
3019|1: 2482 
3020|1: 2810 
3021|0: 
3022|2: 134 2465 
3023|1: 2699 
3024|1: 62 
3025|0: 
3026|1: 134 
3027|1: 134 
3028|1: 3748 
3029|1: 134 
3030|1: 134 
3031|1: 3218 
3032|1: 2808 
3033|1: 2550 
3034|1: 3790 
3035|1: 134 
3036|1: 3918 
3037|0: 
3038|0: 
3039|2: 134 2203 
3040|2: 134 2203 
3041|1: 2241 
3042|1: 2242 
3043|0: 
3044|1: 3707 
3045|1: 1643 
3046|2: 2659 2660 
3047|1: 1594 
3048|2: 3376 7755 
3049|1: 4332 
3050|1: 922 
3051|1: 6549 
3052|2: 6841 6842 
3053|0: 
3054|1: 9240 
3055|0: 
3056|0: 
3057|1: 1064 
3058|4: 536 2919 8016 8017 
3059|2: 1583 2399 
3060|1: 1998 
3061|1: 1846 
3062|1: 880 
3063|1: 3851 
3064|1: 1797 
3065|1: 3630 
3066|1: 2688 
3067|4: 3456 4355 5304 5455 
3068|1: 3180 
3069|5: 3429 6387 8016 8017 8448 
3070|5: 458 459 460 1998 3396 
3071|1: 1058 
3072|1: 1847 
3073|1: 2427 
3074|1: 3990 
3075|1: 2205 
3076|1: 3046 
3077|1: 2565 
3078|1: 4991 
3079|1: 2755 
3080|1: 1828 
3081|1: 2247 
3082|1: 2248 
3083|2: 2821 5934 
3084|1: 4991 
3085|1: 4991 
3086|1: 6871 
3087|1: 6872 
3088|2: 1847 6388 
3089|1: 6389 
3090|0: 
3091|1: 9629 
3092|3: 795 1248 4723 
3093|1: 1338 
3094|1: 636 
3095|2: 350 1518 
3096|1: 2559 
3097|4: 335 1007 1170 6906 
3098|1: 1174 
3099|1: 1136 
3100|2: 2530 2701 
3101|3: 3341 3441 4724 
3102|1: 1763 
3103|1: 3493 
3104|1: 4793 
3105|1: 6390 
3106|1: 6870 
3107|1: 9335 
3108|1: 9590 
3109|2: 9615 9616 
3110|2: 9617 9618 
3111|2: 346 2702 
3112|1: 3906 
3113|0: 
3114|3: 9619 9620 9621 
3115|3: 9626 9627 9628 
3116|3: 9623 9624 9625 
3117|1: 7287 
3118|1: 7292 
3119|1: 8736 
3120|7: 537 5861 7288 7323 7326 7363 7368 
3121|3: 1063 6009 6439 
3122|5: 1178 1912 2293 2294 4441 
3123|9: 1126 1128 1130 1740 2661 6177 6475 6483 6932 
3124|7: 1123 2347 2349 2350 2927 2928 6391 
3125|1: 535 
3126|1: 879 
3127|2: 879 882 
3128|1: 3055 
3129|2: 2009 5427 
3130|2: 1259 1791 
3131|2: 4822 8075 
3132|1: 2150 
3133|4: 1308 2510 3224 4110 
3134|2: 1276 1277 
3135|1: 42 
3136|1: 39 
3137|2: 1163 1164 
3138|1: 2560 
3139|3: 2510 2597 3187 
3140|2: 2971 3846 
3141|1: 2561 
3142|1: 1638 
3143|1: 3650 
3144|1: 2317 
3145|1: 1728 
3146|5: 1127 1129 1741 3473 6933 
3147|1: 274 
3148|2: 1162 1178 
3149|1: 3172 
3150|2: 3111 7530 
3151|1: 3128 
3152|1: 3182 
3153|1: 3190 
3154|1: 43 
3155|1: 2622 
3156|1: 2566 
3157|1: 3612 
3158|1: 975 
3159|10: 3348 4725 4726 5960 5963 7191 7192 8142 8226 8228 
3160|1: 3271 
3161|1: 3831 
3162|1: 3503 
3163|1: 2028 
3164|1: 1735 
3165|1: 3544 
3166|1: 2881 
3167|3: 1543 7656 7657 
3168|1: 3864 
3169|1: 2518 
3170|1: 3564 
3171|1: 3680 
3172|1: 3569 
3173|3: 3964 7220 7221 
3174|1: 3620 
3175|1: 2240 
3176|1: 2610 
3177|1: 7456 
3178|1: 3243 
3179|1: 3893 
3180|1: 2289 
3181|2: 2067 2068 
3182|1: 3100 
3183|1: 3482 
3184|0: 
3185|1: 6392 
3186|1: 4986 
3187|2: 4368 4990 
3188|1: 4989 
3189|1: 4985 
3190|1: 5018 
3191|3: 1178 4441 6393 
3192|2: 5072 6602 
3193|1: 8010 
3194|3: 8013 8014 8015 
3195|5: 5562 5563 5564 5565 8018 
3196|1: 5861 
3197|1: 8726 
3198|0: 
3199|1: 8676 
3200|1: 8725 
3201|0: 
3202|1: 8827 
3203|1: 9130 
3204|1: 4644 
3205|1: 9129 
3206|2: 9380 9383 
3207|1: 9523 
3208|1: 190 
3209|12: 1092 7244 7245 7246 7247 7248 7249 7250 7251 7252 7253 8454 
3210|1: 347 
3211|3: 2705 2873 4326 
3212|1: 1762 
3213|2: 1483 3519 
3214|1: 469 
3215|1: 445 
3216|1: 1169 
3217|1: 450 
3218|1: 425 
3219|6: 1458 2403 3453 7230 7233 7234 
3220|1: 2058 
3221|1: 3829 
3222|1: 2364 
3223|1: 326 
3224|1: 326 
3225|1: 326 
3226|1: 3453 
3227|3: 1092 1457 7658 
3228|1: 1115 
3229|1: 6394 
3230|1: 6395 
3231|2: 3418 6396 
3232|1: 6365 
3233|1: 8645 
3234|1: 9588 
3235|4: 533 866 2588 3974 
3236|4: 470 533 866 2588 
3237|2: 498 2438 
3238|5: 1901 3585 5682 5683 5684 
3239|14: 152 436 825 961 1049 1348 1425 1672 1766 1780 1974 2322 2867 6397 
3240|5: 1341 1596 1821 2017 2621 
3241|2: 156 433 
3242|1: 2891 
3243|2: 252 1525 
3244|2: 253 811 
3245|3: 651 1572 4105 
3246|2: 2375 5406 
3247|1: 1305 
3248|1: 3712 
3249|1: 2577 
3250|1: 135 
3251|1: 63 
3252|1: 1147 
3253|1: 891 
3254|1: 1492 
3255|3: 717 6398 7713 
3256|1: 1835 
3257|1: 686 
3258|2: 687 5390 
3259|4: 1013 1014 1015 6440 
3260|1: 2892 
3261|1: 1724 
3262|1: 3414 
3263|2: 1539 2216 
3264|3: 1351 2621 6397 
3265|1: 1910 
3266|1: 1911 
3267|1: 2354 
3268|1: 1348 
3269|1: 3791 
3270|1: 1572 
3271|1: 1300 
3272|1: 1891 
3273|1: 2994 
3274|1: 2588 
3275|1: 3579 
3276|1: 2955 
3277|1: 2809 
3278|1: 2871 
3279|2: 652 2334 
3280|1: 3907 
3281|1: 2204 
3282|1: 3434 
3283|1: 2451 
3284|1: 859 
3285|1: 3009 
3286|1: 2700 
3287|1: 2333 
3288|1: 2466 
3289|2: 2910 2938 
3290|2: 2909 2935 
3291|1: 252 
3292|1: 2958 
3293|1: 173 
3294|5: 2891 2892 2941 6672 6673 
3295|1: 3589 
3296|3: 2854 2884 5991 
3297|2: 3762 6399 
3298|1: 3883 
3299|2: 2206 7613 
3300|1: 4984 
3301|1: 4983 
3302|1: 4982 
3303|1: 6672 
3304|1: 3952 
3305|3: 143 1626 2126 
3306|2: 5988 5989 
3307|1: 6671 
3308|3: 6488 6489 6490 
3309|1: 8020 
3310|1: 8021 
3311|1: 8535 
3312|2: 1901 8646 
3313|1: 4849 
3314|1: 8772 
3315|0: 
3316|1: 8666 
3317|1: 8828 
3318|1: 6489 
3319|1: 7941 
3320|0: 
3321|1: 9467 
3322|2: 436 9524 
3323|1: 9525 
3324|1: 6749 
3325|1: 9597 
3326|0: 
3327|0: 
3328|2: 883 1266 
3329|5: 1125 1723 1739 2856 6477 
3330|3: 1124 1738 6481 
3331|1: 2942 
3332|1: 2164 
3333|1: 2406 
3334|1: 1392 
3335|1: 2978 
3336|5: 2932 3030 3031 3381 4385 
3337|3: 159 1056 2795 
3338|1: 1056 
3339|1: 2931 
3340|1: 2210 
3341|2: 3752 6484 
3342|1: 2217 
3343|1: 2165 
3344|1: 2258 
3345|2: 2855 2857 
3346|1: 1020 
3347|1: 3763 
3348|3: 731 883 1266 
3349|1: 862 
3350|1: 1141 
3351|3: 3572 5773 6493 
3352|1: 3602 
3353|1: 8030 
3354|1: 159 
3355|0: 
3356|1: 9199 
3357|2: 9336 9337 
3358|1: 1578 
3359|4: 1065 3423 4165 5456 
3360|3: 2918 7981 7982 
3361|1: 457 
3362|1: 6880 
3363|1: 881 
3364|0: 
3365|2: 4165 5456 
3366|1: 3011 
3367|1: 3012 
3368|1: 2757 
3369|1: 6897 
3370|2: 6886 6895 
3371|2: 6882 6893 
3372|0: 
3373|1: 976 
3374|1: 1247 
3375|1: 6891 
3376|0: 
3377|2: 3034 7215 
3378|1: 283 
3379|3: 2580 7464 7594 
3380|1: 8032 
3381|1: 7752 
3382|1: 8630 
3383|1: 8829 
3384|1: 8830 
3385|1: 8874 
3386|1: 7464 
3387|3: 3422 4645 4755 
3388|1: 1320 
3389|0: 
3390|0: 
3391|0: 
3392|0: 
3393|0: 
3394|0: 
3395|0: 
3396|0: 
3397|0: 
3398|0: 
3399|0: 
3400|0: 
3401|0: 
3402|0: 
3403|0: 
3404|0: 
3405|0: 
3406|0: 
3407|0: 
3408|0: 
3409|0: 
3410|0: 
3411|0: 
3412|0: 
3413|0: 
3414|0: 
3415|0: 
3416|0: 
3417|0: 
3418|0: 
3419|0: 
3420|0: 
3421|0: 
3422|0: 
3423|0: 
3424|0: 
3425|0: 
3426|0: 
3427|0: 
3428|0: 
3429|0: 
3430|0: 
3431|0: 
3432|0: 
3433|0: 
3434|0: 
3435|0: 
3436|0: 
3437|0: 
3438|0: 
3439|0: 
3440|0: 
3441|0: 
3442|2: 1784 5388 
3443|2: 1788 5338 
3444|3: 1526 1527 5378 
3445|2: 2467 5379 
3446|0: 
3447|0: 
3448|0: 
3449|5: 683 1470 1527 5263 5378 
3450|0: 
3451|4: 1032 1985 5264 5265 
3452|4: 1684 2007 5380 5417 
3453|0: 
3454|12: 2989 3457 3982 3997 4365 4367 5186 5187 5188 5199 5327 5429 
3455|6: 24 683 684 5267 5270 5271 
3456|13: 22 255 2181 2468 2554 3020 4250 4292 5260 5275 9031 9035 9036 
3457|19: 944 945 946 1021 1142 2503 3106 3121 3458 3845 4756 5152 5253 5274 5276 5277 5279 5322 5331 
3458|15: 943 947 1434 2876 3981 4108 4362 5184 5197 5281 5282 5296 5324 5381 6881 
3459|2: 7771 7772 
3460|4: 1145 5386 7669 7670 
3461|8: 684 2051 3122 3374 5271 5283 5284 5285 
3462|2: 8 5286 
3463|5: 1272 4278 6892 7198 7328 
3464|0: 
3465|2: 1785 5337 
3466|2: 6898 6899 
3467|0: 
3468|2: 1235 5382 
3469|0: 
3470|2: 257 5383 
3471|0: 
3472|0: 
3473|1: 284 
3474|0: 
3475|0: 
3476|1: 1291 
3477|1: 3105 
3478|3: 3106 5152 5317 
3479|4: 683 684 5270 5271 
3480|2: 3604 5157 
3481|1: 6890 
3482|1: 2707 
3483|11: 18 2990 3605 3944 5154 5190 5192 5321 6883 6884 8327 
3484|0: 
3485|2: 2673 5339 
3486|2: 1503 5384 
3487|2: 3882 5323 
3488|0: 
3489|2: 2667 5261 
3490|0: 
3491|0: 
3492|0: 
3493|3: 1291 1293 3105 
3494|2: 3673 5300 
3495|0: 
3496|2: 4828 5385 
3497|1: 2074 
3498|4: 1684 3715 5380 6508 
3499|0: 
3500|0: 
3501|0: 
3502|0: 
3503|0: 
3504|12: 255 1243 3269 3270 4390 4391 5287 5288 5289 5290 5291 5292 
3505|0: 
3506|2: 6887 6896 
3507|4: 1144 5009 5329 5330 
3508|2: 1145 7668 
3509|2: 751 5387 
3510|0: 
3511|0: 
3512|0: 
3513|2: 5171 5172 
3514|3: 2791 2792 5293 
3515|4: 716 4383 4384 5294 
3516|0: 
3517|1: 1501 
3518|0: 
3519|2: 2467 5379 
3520|0: 
3521|2: 714 5295 
3522|0: 
3523|0: 
3524|0: 
3525|2: 3895 5320 
3526|0: 
3527|0: 
3528|0: 
3529|0: 
3530|0: 
3531|1: 6879 
3532|1: 1257 
3533|1: 3286 
3534|1: 5170 
3535|1: 3874 
3536|4: 943 1434 5281 5296 
3537|0: 
3538|0: 
3539|1: 2207 
3540|2: 5173 5856 
3541|1: 5175 
3542|0: 
3543|0: 
3544|1: 2554 
3545|1: 2181 
3546|1: 3129 
3547|0: 
3548|0: 
3549|4: 714 715 5295 5297 
3550|3: 3543 5336 5458 
3551|0: 
3552|1: 3183 
3553|3: 2214 3093 3446 
3554|0: 
3555|1: 3359 
3556|0: 
3557|0: 
3558|0: 
3559|2: 2422 5354 
3560|0: 
3561|2: 3166 5340 
3562|0: 
3563|0: 
3564|4: 1144 5009 5328 5329 
3565|1: 1273 
3566|2: 4411 5298 
3567|0: 
3568|0: 
3569|0: 
3570|1: 5239 
3571|0: 
3572|0: 
3573|2: 1059 3523 
3574|1: 4981 
3575|0: 
3576|0: 
3577|0: 
3578|0: 
3579|0: 
3580|0: 
3581|0: 
3582|0: 
3583|0: 
3584|0: 
3585|0: 
3586|0: 
3587|0: 
3588|0: 
3589|3: 1670 5403 7769 
3590|1: 6885 
3591|1: 8536 
3592|1: 8537 
3593|2: 8674 8675 
3594|1: 8647 
3595|0: 
3596|0: 
3597|0: 
3598|0: 
3599|1: 8724 
3600|0: 
3601|0: 
3602|0: 
3603|1: 8832 
3604|0: 
3605|0: 
3606|0: 
3607|1: 353 
3608|1: 9181 
3609|1: 9338 
3610|1: 9508 
3611|1: 9555 
3612|1: 9556 
3613|1: 9557 
3614|1: 9558 
3615|0: 
3616|0: 
3617|0: 
3618|0: 
3619|0: 
3620|6: 1067 1091 1433 1510 1817 1992 
3621|1: 1510 
3622|3: 924 1091 9042 
3623|1: 151 
3624|1: 85 
3625|3: 85 9604 9605 
3626|1: 1067 
3627|5: 1067 1433 1510 1812 1839 
3628|2: 162 1205 
3629|2: 435 1838 
3630|1: 1085 
3631|1: 963 
3632|1: 3342 
3633|1: 1089 
3634|0: 
3635|1: 1205 
3636|0: 
3637|2: 1605 6703 
3638|0: 
3639|0: 
3640|0: 
3641|0: 
3642|1: 2951 
3643|1: 6991 
3644|1: 7644 
3645|0: 
3646|0: 
3647|0: 
3648|1: 9641 
3649|2: 160 4237 
3650|1: 145 
3651|1: 2600 
3652|1: 2348 
3653|1: 2170 
3654|1: 2926 
3655|1: 2618 
3656|2: 3965 6149 
3657|2: 4980 8391 
3658|10: 6127 6128 6141 6183 6184 6194 6704 8414 8421 8447 
3659|6: 2411 5035 6220 6221 6222 6223 
3660|2: 4116 6674 
3661|1: 8837 
3662|1: 9559 
3663|2: 767 4252 
3664|2: 767 4252 
3665|0: 
3666|0: 
3667|1: 113 
3668|0: 
3669|0: 
3670|0: 
3671|0: 
3672|0: 
3673|0: 
3674|0: 
3675|0: 
3676|0: 
3677|0: 
3678|0: 
3679|0: 
3680|0: 
3681|0: 
3682|2: 767 4252 
3683|0: 
3684|0: 
3685|0: 
3686|2: 778 3386 
3687|1: 2820 
3688|0: 
3689|0: 
3690|1: 560 
3691|0: 
3692|2: 995 1692 
3693|0: 
3694|3: 995 1692 2820 
3695|0: 
3696|1: 6726 
3697|0: 
3698|0: 
3699|0: 
3700|0: 
3701|0: 
3702|0: 
3703|0: 
3704|0: 
3705|0: 
3706|0: 
3707|0: 
3708|0: 
3709|1: 8723 
3710|0: 
3711|0: 
3712|0: 
3713|0: 
3714|0: 
3715|0: 
3716|0: 
3717|0: 
3718|0: 
3719|2: 3967 7892 
3720|0: 
3721|0: 
3722|0: 
3723|0: 
3724|0: 
3725|0: 
3726|0: 
3727|0: 
3728|0: 
3729|0: 
3730|0: 
3731|2: 9660 9661 
3732|0: 
3733|1: 8538 
3734|0: 
3735|0: 
3736|0: 
3737|0: 
3738|0: 
3739|0: 
3740|0: 
3741|1: 3653 
3742|0: 
3743|0: 
3744|1: 423 
3745|1: 8875 
3746|0: 
3747|0: 
3748|0: 
3749|0: 
3750|0: 
3751|0: 
3752|0: 
3753|0: 
3754|0: 
3755|0: 
3756|0: 
3757|0: 
3758|0: 
3759|0: 
3760|0: 
3761|0: 
3762|0: 
3763|0: 
3764|0: 
3765|0: 
3766|0: 
3767|0: 
3768|0: 
3769|0: 
3770|0: 
3771|0: 
3772|0: 
3773|0: 
3774|0: 
3775|0: 
3776|0: 
3777|0: 
3778|0: 
3779|0: 
3780|0: 
3781|0: 
3782|0: 
3783|0: 
3784|0: 
3785|0: 
3786|0: 
3787|0: 
3788|0: 
3789|0: 
3790|0: 
3791|0: 
3792|0: 
3793|0: 
3794|0: 
3795|0: 
3796|0: 
3797|0: 
3798|0: 
3799|0: 
3800|0: 
3801|0: 
3802|0: 
3803|0: 
3804|0: 
3805|0: 
3806|0: 
3807|0: 
3808|0: 
3809|0: 
3810|0: 
3811|0: 
3812|0: 
3813|0: 
3814|0: 
3815|0: 
3816|0: 
3817|0: 
3818|0: 
3819|0: 
3820|0: 
3821|0: 
3822|0: 
3823|0: 
3824|0: 
3825|0: 
3826|0: 
3827|0: 
3828|0: 
3829|0: 
3830|0: 
3831|0: 
3832|0: 
3833|0: 
3834|0: 
3835|0: 
3836|0: 
3837|0: 
3838|0: 
3839|0: 
3840|0: 
3841|0: 
3842|0: 
3843|0: 
3844|0: 
3845|0: 
3846|0: 
3847|0: 
3848|0: 
3849|0: 
3850|0: 
3851|0: 
3852|0: 
3853|0: 
3854|0: 
3855|0: 
3856|0: 
3857|0: 
3858|0: 
3859|0: 
3860|0: 
3861|0: 
3862|0: 
3863|0: 
3864|0: 
3865|0: 
3866|0: 
3867|0: 
3868|0: 
3869|0: 
3870|0: 
3871|0: 
3872|0: 
3873|0: 
3874|0: 
3875|0: 
3876|0: 
3877|0: 
3878|0: 
3879|0: 
3880|0: 
3881|0: 
3882|0: 
3883|0: 
3884|0: 
3885|0: 
3886|0: 
3887|0: 
3888|0: 
3889|0: 
3890|0: 
3891|0: 
3892|0: 
3893|0: 
3894|0: 
3895|0: 
3896|0: 
3897|0: 
3898|0: 
3899|0: 
3900|0: 
3901|0: 
3902|0: 
3903|0: 
3904|0: 
3905|0: 
3906|0: 
3907|0: 
3908|0: 
3909|0: 
3910|0: 
3911|0: 
3912|0: 
3913|0: 
3914|0: 
3915|0: 
3916|0: 
3917|0: 
3918|0: 
3919|0: 
3920|0: 
3921|0: 
3922|0: 
3923|0: 
3924|0: 
3925|0: 
3926|0: 
3927|0: 
3928|0: 
3929|0: 
3930|0: 
3931|0: 
3932|0: 
3933|0: 
3934|0: 
3935|0: 
3936|0: 
3937|0: 
3938|0: 
3939|0: 
3940|0: 
3941|0: 
3942|0: 
3943|0: 
3944|0: 
3945|0: 
3946|0: 
3947|0: 
3948|0: 
3949|0: 
3950|0: 
3951|0: 
3952|0: 
3953|0: 
3954|0: 
3955|0: 
3956|0: 
3957|0: 
3958|0: 
3959|0: 
3960|0: 
3961|0: 
3962|0: 
3963|0: 
3964|0: 
3965|0: 
3966|0: 
3967|0: 
3968|0: 
3969|0: 
3970|0: 
3971|0: 
3972|0: 
3973|0: 
3974|0: 
3975|0: 
3976|0: 
3977|0: 
3978|0: 
3979|0: 
3980|0: 
3981|0: 
3982|0: 
3983|0: 
3984|0: 
3985|0: 
3986|0: 
3987|0: 
3988|0: 
3989|0: 
3990|0: 
3991|0: 
3992|0: 
3993|0: 
3994|0: 
3995|0: 
3996|0: 
3997|0: 
3998|0: 
3999|0: 
4000|0: 
4001|0: 
4002|0: 
4003|0: 
4004|0: 
4005|0: 
4006|0: 
4007|0: 
4008|0: 
4009|0: 
4010|0: 
4011|0: 
4012|0: 
4013|0: 
4014|0: 
4015|0: 
4016|0: 
4017|0: 
4018|0: 
4019|0: 
4020|0: 
4021|1: 8846 
4022|0: 
4023|0: 
4024|0: 
4025|0: 
4026|0: 
4027|2: 415 5315 
4028|3: 209 1358 5315 
4029|4: 221 295 3272 5315 
4030|8: 269 2163 2653 2723 3362 4757 4794 5315 
4031|2: 110 5315 
4032|4: 772 4008 5315 7296 
4033|1: 414 
4034|1: 449 
4035|3: 846 1663 4214 
4036|1: 808 
4037|2: 1837 3532 
4038|3: 920 921 5315 
4039|1: 1584 
4040|3: 571 1082 9531 
4041|3: 418 449 468 
4042|2: 571 8113 
4043|3: 390 467 3596 
4044|1: 2337 
4045|2: 1087 5315 
4046|2: 567 5315 
4047|1: 776 
4048|1: 2109 
4049|4: 1286 1287 5680 5689 
4050|6: 2388 3419 3420 3860 3861 5028 
4051|2: 1746 4413 
4052|1: 2930 
4053|1: 3671 
4054|1: 3539 
4055|2: 1413 5315 
4056|2: 1934 5315 
4057|1: 556 
4058|1: 1227 
4059|1: 1026 
4060|2: 1358 5315 
4061|1: 1366 
4062|4: 209 415 1358 5315 
4063|1: 3107 
4064|1: 1228 
4065|2: 1984 5419 
4066|2: 1973 5315 
4067|2: 3733 5315 
4068|2: 2238 5315 
4069|1: 48 
4070|1: 2336 
4071|1: 6400 
4072|1: 447 
4073|1: 2515 
4074|1: 3492 
4075|1: 7761 
4076|1: 983 
4077|1: 4 
4078|1: 1733 
4079|1: 2137 
4080|1: 583 
4081|1: 2174 
4082|1: 1342 
4083|1: 1734 
4084|1: 3742 
4085|1: 987 
4086|2: 1688 1936 
4087|1: 2175 
4088|1: 2507 
4089|1: 3785 
4090|1: 2315 
4091|1: 448 
4092|0: 
4093|0: 
4094|1: 3069 
4095|1: 3540 
4096|1: 1636 
4097|1: 3420 
4098|1: 2006 
4099|1: 4061 
4100|1: 1856 
4101|1: 1632 
4102|1: 4412 
4103|1: 1858 
4104|1: 1360 
4105|1: 1848 
4106|2: 4767 4768 
4107|1: 6401 
4108|1: 4979 
4109|2: 208 4978 
4110|1: 4838 
4111|2: 2984 5108 
4112|1: 4458 
4113|1: 6403 
4114|1: 2544 
4115|1: 6497 
4116|1: 6514 
4117|1: 6706 
4118|1: 351 
4119|1: 8648 
4120|0: 
4121|2: 8539 8540 
4122|2: 8649 8650 
4123|3: 8651 8652 8682 
4124|1: 8378 
4125|1: 8653 
4126|1: 8722 
4127|0: 
4128|1: 8132 
4129|1: 3033 
4130|1: 3945 
4131|0: 
4132|6: 6414 8946 8947 8948 8949 8979 
4133|1: 221 
4134|1: 7937 
4135|1: 7943 
4136|2: 9531 9596 
4137|1: 9593 
4138|1: 399 
4139|2: 1814 3327 
4140|3: 1931 2616 7295 
4141|1: 1693 
4142|1: 1944 
4143|2: 2064 2065 
4144|3: 3217 3713 5535 
4145|1: 1948 
4146|1: 206 
4147|1: 1603 
4148|1: 395 
4149|1: 2953 
4150|1: 3277 
4151|1: 2730 
4152|2: 4766 6404 
4153|1: 4977 
4154|1: 5754 
4155|1: 7057 
4156|1: 8659 
4157|1: 473 
4158|1: 663 
4159|1: 1345 
4160|1: 2062 
4161|2: 2731 5318 
4162|2: 474 5318 
4163|1: 1690 
4164|1: 1945 
4165|2: 2063 5318 
4166|1: 2093 
4167|1: 988 
4168|2: 1219 5318 
4169|2: 1946 5318 
4170|1: 665 
4171|1: 2237 
4172|1: 1368 
4173|1: 780 
4174|1: 2140 
4175|1: 1221 
4176|4: 4414 4415 4416 4417 
4177|1: 4581 
4178|1: 3610 
4179|1: 9339 
4180|1: 9447 
4181|1: 4760 
4182|3: 834 1214 2499 
4183|1: 1066 
4184|1: 1432 
4185|2: 1339 2179 
4186|3: 1597 2117 7289 
4187|1: 150 
4188|1: 102 
4189|1: 4065 
4190|1: 1418 
4191|1: 962 
4192|1: 2404 
4193|1: 1424 
4194|2: 485 1976 
4195|1: 1819 
4196|5: 361 364 3986 4310 4311 
4197|1: 150 
4198|1: 73 
4199|1: 3476 
4200|1: 3988 
4201|1: 2499 
4202|1: 1940 
4203|1: 3268 
4204|1: 2545 
4205|1: 362 
4206|1: 2963 
4207|1: 2968 
4208|1: 161 
4209|1: 6405 
4210|1: 6406 
4211|1: 8662 
4212|1: 8876 
4213|1: 9216 
4214|1: 9224 
4215|1: 9225 
4216|0: 
4217|0: 
4218|0: 
4219|1: 9340 
4220|1: 9668 
4221|6: 463 1606 2650 3035 4795 6928 
4222|2: 463 3083 
4223|3: 415 416 1086 
4224|2: 463 3563 
4225|1: 3741 
4226|2: 463 4582 
4227|1: 4976 
4228|1: 1480 
4229|2: 1808 8992 
4230|2: 4764 6081 
4231|2: 4765 6082 
4232|1: 3344 
4233|1: 654 
4234|1: 854 
4235|1: 8663 
4236|1: 9128 
4237|0: 
4238|1: 3 
4239|1: 2133 
4240|1: 71 
4241|16: 70 71 101 127 131 275 282 439 486 615 823 1770 1773 1970 9423 9424 
4242|4: 127 275 276 823 
4243|4: 265 462 1224 1304 
4244|7: 71 72 238 363 440 565 616 
4245|7: 45 86 132 238 432 2571 2599 
4246|1: 1 
4247|2: 2604 2923 
4248|2: 1428 1429 
4249|1: 901 
4250|2: 107 618 
4251|3: 71 524 1970 
4252|1: 729 
4253|4: 153 831 1054 2395 
4254|1: 132 
4255|9: 363 565 616 1319 1577 1778 2323 3024 7311 
4256|4: 270 464 1226 1445 
4257|7: 753 814 901 1055 1604 2284 3061 
4258|2: 86 2571 
4259|1: 1778 
4260|0: 
4261|1: 115 
4262|1: 1531 
4263|1: 4831 
4264|1: 527 
4265|1: 155 
4266|1: 3474 
4267|3: 131 1773 1981 
4268|1: 2923 
4269|1: 104 
4270|1: 275 
4271|1: 860 
4272|1: 3675 
4273|2: 238 3428 
4274|2: 4973 4975 
4275|2: 901 8541 
4276|1: 3914 
4277|1: 8833 
4278|1: 8834 
4279|1: 8835 
4280|1: 8877 
4281|1: 3758 
4282|2: 8880 8881 
4283|3: 153 8878 8879 
4284|0: 
4285|1: 9180 
4286|2: 823 9228 
4287|2: 440 1429 
4288|2: 2323 3024 
4289|1: 454 
4290|1: 432 
4291|1: 71 
4292|1: 71 
4293|1: 71 
4294|1: 71 
4295|1: 71 
4296|1: 71 
4297|1: 71 
4298|1: 71 
4299|1: 71 
4300|1: 71 
4301|1: 71 
4302|1: 71 
4303|1: 71 
4304|1: 71 
4305|1: 71 
4306|1: 71 
4307|1: 71 
4308|1: 71 
4309|1: 71 
4310|1: 71 
4311|1: 71 
4312|1: 71 
4313|1: 71 
4314|1: 71 
4315|1: 71 
4316|1: 71 
4317|1: 71 
4318|1: 71 
4319|1: 71 
4320|1: 71 
4321|1: 71 
4322|1: 71 
4323|1: 71 
4324|1: 71 
4325|1: 71 
4326|1: 71 
4327|1: 71 
4328|1: 71 
4329|1: 71 
4330|1: 71 
4331|1: 71 
4332|1: 71 
4333|1: 71 
4334|1: 71 
4335|1: 71 
4336|1: 71 
4337|1: 71 
4338|1: 71 
4339|1: 71 
4340|1: 71 
4341|1: 71 
4342|1: 71 
4343|1: 9509 
4344|1: 71 
4345|1: 71 
4346|1: 71 
4347|1: 71 
4348|1: 71 
4349|1: 71 
4350|1: 71 
4351|1: 71 
4352|1: 71 
4353|1: 71 
4354|1: 71 
4355|1: 71 
4356|1: 71 
4357|1: 282 
4358|1: 282 
4359|1: 282 
4360|1: 282 
4361|1: 282 
4362|1: 282 
4363|1: 285 
4364|1: 1173 
4365|3: 845 2276 3387 
4366|1: 2480 
4367|2: 465 928 
4368|1: 271 
4369|1: 3251 
4370|4: 2225 4583 4584 4585 
4371|4: 2223 4525 4586 5057 
4372|1: 2752 
4373|1: 4353 
4374|1: 6846 
4375|0: 
4376|0: 
4377|1: 8882 
4378|1: 9047 
4379|1: 6604 
4380|1: 928 
4381|3: 4797 4798 9669 
4382|1: 7659 
4383|1: 3017 
4384|2: 3295 4516 
4385|3: 1987 2442 4516 
4386|8: 1988 4513 4591 4592 4593 4594 6744 6745 
4387|1: 1121 
4388|2: 3530 7189 
4389|1: 4763 
4390|1: 6407 
4391|2: 3295 6407 
4392|2: 6408 6409 
4393|1: 1601 
4394|2: 1667 6888 
4395|1: 2187 
4396|1: 639 
4397|1: 266 
4398|1: 7270 
4399|1: 1642 
4400|1: 4971 
4401|1: 6410 
4402|4: 12 188 541 646 
4403|1: 446 
4404|2: 182 852 
4405|1: 1175 
4406|1: 2523 
4407|1: 1905 
4408|2: 1505 2280 
4409|1: 1623 
4410|2: 194 4597 
4411|1: 419 
4412|2: 339 736 
4413|1: 1237 
4414|4: 214 419 1437 2101 
4415|1: 3558 
4416|1: 572 
4417|1: 394 
4418|1: 483 
4419|1: 385 
4420|1: 3626 
4421|1: 996 
4422|1: 827 
4423|2: 848 1582 
4424|2: 631 1759 
4425|7: 586 598 631 996 1759 2305 4212 
4426|2: 1437 2101 
4427|1: 2543 
4428|1: 292 
4429|2: 367 621 
4430|1: 958 
4431|1: 1621 
4432|1: 1190 
4433|1: 2805 
4434|2: 2739 4273 
4435|1: 293 
4436|2: 20 2690 
4437|1: 1197 
4438|1: 790 
4439|1: 2042 
4440|2: 1186 1677 
4441|1: 2974 
4442|1: 3718 
4443|1: 701 
4444|1: 11 
4445|1: 3002 
4446|1: 288 
4447|1: 147 
4448|1: 2965 
4449|1: 3059 
4450|1: 598 
4451|1: 2677 
4452|2: 1404 4599 
4453|1: 3221 
4454|1: 559 
4455|1: 2420 
4456|1: 2784 
4457|1: 3214 
4458|1: 1060 
4459|1: 2121 
4460|1: 702 
4461|1: 3313 
4462|1: 1742 
4463|1: 833 
4464|1: 2250 
4465|2: 3556 3770 
4466|1: 1403 
4467|1: 2592 
4468|1: 224 
4469|1: 3349 
4470|1: 1495 
4471|1: 1677 
4472|1: 2722 
4473|1: 4418 
4474|2: 2221 4598 
4475|2: 183 3599 
4476|1: 4970 
4477|1: 2863 
4478|1: 5691 
4479|1: 3490 
4480|1: 6411 
4481|1: 6412 
4482|1: 6237 
4483|1: 6725 
4484|1: 8486 
4485|1: 8487 
4486|1: 8487 
4487|2: 4392 8990 
4488|1: 8542 
4489|1: 8492 
4490|2: 8795 8796 
4491|1: 8957 
4492|1: 7949 
4493|0: 
4494|1: 5757 
4495|1: 870 
4496|1: 910 
4497|2: 643 5350 
4498|1: 1991 
4499|1: 1391 
4500|3: 1212 1507 2401 
4501|3: 1212 2283 2401 
4502|1: 1041 
4503|4: 912 914 1559 2190 
4504|1: 4809 
4505|1: 1924 
4506|2: 1521 2639 
4507|2: 1522 1925 
4508|2: 2356 2813 
4509|1: 909 
4510|2: 650 1391 
4511|1: 1355 
4512|1: 2866 
4513|1: 2999 
4514|1: 1506 
4515|2: 2099 5678 
4516|1: 1520 
4517|1: 4602 
4518|2: 1568 7582 
4519|1: 2139 
4520|1: 3200 
4521|2: 2969 6787 
4522|1: 31 
4523|1: 644 
4524|1: 23 
4525|1: 913 
4526|1: 4969 
4527|2: 7265 7266 
4528|1: 4565 
4529|1: 8559 
4530|1: 4386 
4531|3: 1333 2401 8362 
4532|3: 1212 2401 8363 
4533|0: 
4534|0: 
4535|1: 8958 
4536|2: 7631 9592 
4537|2: 1410 1411 
4538|1: 1923 
4539|1: 9528 
4540|4: 909 4809 7631 9592 
4541|1: 9646 
4542|1: 409 
4543|1: 1544 
4544|2: 1171 7161 
4545|1: 306 
4546|1: 407 
4547|1: 408 
4548|3: 400 401 9276 
4549|2: 6 296 
4550|1: 272 
4551|3: 198 403 799 
4552|1: 198 
4553|1: 7161 
4554|2: 843 844 
4555|1: 349 
4556|1: 1167 
4557|1: 300 
4558|1: 1894 
4559|2: 3573 6366 
4560|1: 4759 
4561|1: 642 
4562|1: 1116 
4563|2: 8718 8719 
4564|2: 400 9276 
4565|1: 4527 
4566|1: 9530 
4567|1: 9573 
4568|1: 9647 
4569|1: 575 
4570|1: 623 
4571|2: 29 7808 
4572|2: 3205 8470 
4573|1: 4802 
4574|1: 6384 
4575|0: 
4576|0: 
4577|2: 7608 8491 
4578|0: 
4579|1: 8398 
4580|1: 9239 
4581|1: 9450 
4582|2: 111 9087 
4583|1: 926 
4584|3: 1137 1138 1616 
4585|1: 2595 
4586|1: 2596 
4587|1: 1324 
4588|1: 4810 
4589|3: 1034 3821 4330 
4590|1: 2642 
4591|2: 561 3624 
4592|1: 1729 
4593|22: 2292 2590 2607 2764 3560 3592 3622 3639 4071 4073 4077 4079 4082 4799 5583 5584 6058 6413 6962 6966 6970 7164 
4594|1: 1764 
4595|1: 2961 
4596|3: 576 1991 2325 
4597|4: 760 1103 1104 4243 
4598|1: 30 
4599|1: 2149 
4600|2: 1176 1382 
4601|1: 2023 
4602|2: 894 895 
4603|1: 2059 
4604|1: 286 
4605|3: 3413 3442 9164 
4606|1: 3173 
4607|2: 3350 3352 
4608|1: 3761 
4609|1: 1323 
4610|2: 2355 7127 
4611|1: 1939 
4612|1: 4812 
4613|1: 1938 
4614|1: 2378 
4615|1: 2066 
4616|1: 5675 
4617|1: 757 
4618|1: 1362 
4619|1: 2492 
4620|1: 2025 
4621|2: 591 1182 
4622|1: 2402 
4623|1: 2536 
4624|1: 2591 
4625|2: 2122 2123 
4626|1: 2991 
4627|10: 3809 3901 3903 3909 3930 4255 4266 9112 9116 9202 
4628|1: 3157 
4629|1: 1086 
4630|1: 1211 
4631|1: 3153 
4632|1: 3169 
4633|1: 666 
4634|1: 902 
4635|1: 3216 
4636|10: 2292 3592 4071 4073 4077 4079 4082 6962 6966 6970 
4637|1: 2710 
4638|1: 242 
4639|1: 3764 
4640|2: 3515 3701 
4641|1: 3805 
4642|4: 2220 4106 4526 5056 
4643|1: 287 
4644|1: 2069 
4645|1: 3853 
4646|7: 2415 2417 3459 4603 4800 6854 6927 
4647|1: 2628 
4648|1: 2879 
4649|1: 2880 
4650|1: 3244 
4651|2: 591 1182 
4652|2: 6936 6938 
4653|2: 108 9281 
4654|1: 2486 
4655|1: 3109 
4656|1: 4068 
4657|1: 4062 
4658|2: 3588 4419 
4659|1: 3806 
4660|1: 4801 
4661|1: 4968 
4662|1: 4967 
4663|3: 3039 6414 9075 
4664|3: 5918 6415 6797 
4665|1: 6416 
4666|2: 4129 4133 
4667|1: 6094 
4668|1: 6487 
4669|3: 8696 8697 8698 
4670|1: 8696 
4671|1: 4604 
4672|1: 3470 
4673|9: 2949 3761 8721 9373 9374 9375 9376 9377 9378 
4674|1: 8699 
4675|1: 2607 
4676|0: 
4677|1: 1396 
4678|1: 8700 
4679|1: 4564 
4680|2: 6940 8701 
4681|1: 576 
4682|1: 2458 
4683|1: 8702 
4684|1: 8703 
4685|1: 7618 
4686|1: 8704 
4687|1: 8744 
4688|1: 6421 
4689|1: 8797 
4690|9: 6605 6608 6611 6617 6621 6625 6628 6632 8791 
4691|1: 8959 
4692|1: 8966 
4693|3: 2292 6834 6838 
4694|1: 9259 
4695|2: 9260 9261 
4696|1: 9262 
4697|1: 8836 
4698|1: 6812 
4699|2: 1323 2596 
4700|1: 8192 
4701|1: 9456 
4702|1: 9384 
4703|1: 5749 
4704|1: 8368 
4705|1: 9510 
4706|1: 7129 
4707|1: 4335 
4708|1: 9648 
4709|0: 
4710|1: 9639 
4711|2: 2100 5420 
4712|3: 2008 5418 7749 
4713|1: 3185 
4714|0: 
4715|2: 3771 5426 
4716|0: 
4717|0: 
4718|2: 2008 5418 
4719|0: 
4720|1: 3185 
4721|0: 
4722|0: 
4723|0: 
4724|0: 
4725|0: 
4726|0: 
4727|0: 
4728|0: 
4729|0: 
4730|0: 
4731|0: 
4732|0: 
4733|0: 
4734|0: 
4735|2: 1262 4344 
4736|1: 640 
4737|1: 872 
4738|1: 2641 
4739|1: 1466 
4740|1: 1962 
4741|1: 1961 
4742|1: 1750 
4743|1: 1963 
4744|1: 1703 
4745|1: 1704 
4746|1: 3688 
4747|1: 1965 
4748|1: 1707 
4749|1: 1710 
4750|1: 5479 
4751|1: 5475 
4752|1: 4349 
4753|1: 5302 
4754|1: 5685 
4755|2: 6722 7608 
4756|1: 6724 
4757|1: 6707 
4758|1: 6708 
4759|1: 6709 
4760|1: 7269 
4761|1: 8125 
4762|1: 8126 
4763|1: 8127 
4764|1: 8683 
4765|3: 5476 5477 5478 
4766|1: 8121 
4767|1: 8122 
4768|1: 8123 
4769|1: 8686 
4770|1: 6904 
4771|1: 7438 
4772|1: 8146 
4773|1: 8622 
4774|1: 8687 
4775|1: 5487 
4776|1: 8129 
4777|1: 8117 
4778|1: 8688 
4779|1: 7751 
4780|1: 7750 
4781|1: 7442 
4782|1: 8620 
4783|1: 8610 
4784|1: 8689 
4785|0: 
4786|1: 8611 
4787|1: 8609 
4788|1: 8625 
4789|1: 7605 
4790|1: 7606 
4791|1: 7607 
4792|1: 8621 
4793|1: 8626 
4794|1: 8577 
4795|1: 8612 
4796|1: 8617 
4797|1: 8619 
4798|1: 8528 
4799|1: 7611 
4800|2: 8628 8629 
4801|1: 8529 
4802|1: 8616 
4803|1: 8631 
4804|1: 7610 
4805|1: 8608 
4806|1: 7746 
4807|1: 8632 
4808|1: 6723 
4809|1: 8618 
4810|1: 8561 
4811|1: 9574 
4812|1: 9575 
4813|0: 
4814|0: 
4815|0: 
4816|0: 
4817|1: 8790 
4818|1: 8789 
4819|1: 8885 
4820|1: 8886 
4821|1: 8887 
4822|1: 8888 
4823|1: 8889 
4824|1: 8890 
4825|1: 8891 
4826|1: 8892 
4827|1: 8893 
4828|1: 8894 
4829|1: 8895 
4830|1: 8896 
4831|1: 8897 
4832|1: 8898 
4833|1: 8899 
4834|1: 8900 
4835|1: 8901 
4836|1: 8902 
4837|1: 7441 
4838|1: 8960 
4839|1: 8961 
4840|1: 8962 
4841|3: 5592 5593 8963 
4842|1: 8964 
4843|1: 8965 
4844|1: 5592 
4845|1: 8967 
4846|1: 1708 
4847|1: 8968 
4848|1: 8969 
4849|1: 8970 
4850|1: 8971 
4851|1: 8972 
4852|1: 4962 
4853|1: 4963 
4854|1: 8973 
4855|1: 8974 
4856|1: 8975 
4857|1: 7673 
4858|1: 9003 
4859|1: 9004 
4860|1: 9005 
4861|1: 9006 
4862|1: 9007 
4863|1: 9008 
4864|1: 9561 
4865|1: 5477 
4866|1: 9560 
4867|1: 9263 
4868|1: 9264 
4869|1: 9265 
4870|1: 9266 
4871|1: 9267 
4872|1: 9268 
4873|1: 9269 
4874|1: 9234 
4875|1: 9277 
4876|1: 9472 
4877|1: 9511 
4878|1: 1149 
4879|0: 
4880|1: 7237 
4881|1: 5755 
4882|1: 9473 
4883|1: 420 
4884|1: 3176 
4885|2: 997 5313 
4886|1: 1959 
4887|2: 2608 5313 
4888|2: 641 5313 
4889|2: 1328 5313 
4890|2: 455 5313 
4891|1: 573 
4892|1: 178 
4893|1: 2593 
4894|2: 163 187 
4895|1: 4955 
4896|4: 185 504 5312 7753 
4897|2: 186 5312 
4898|3: 185 853 5312 
4899|2: 294 5312 
4900|1: 7888 
4901|2: 632 5313 
4902|2: 596 5313 
4903|3: 596 632 5313 
4904|1: 8685 
4905|1: 9270 
4906|1: 9390 
4907|0: 
4908|1: 929 
4909|2: 927 3922 
4910|1: 664 
4911|2: 2533 7471 
4912|1: 3331 
4913|1: 7952 
4914|1: 3757 
4915|1: 3213 
4916|1: 4947 
4917|1: 4946 
4918|1: 8571 
4919|4: 209 6545 9083 9084 
4920|1: 9142 
4921|1: 8512 
4922|1: 9001 
4923|1: 9278 
4924|8: 668 858 2049 4096 4231 7688 7693 8370 
4925|3: 1099 7689 7693 
4926|1: 2196 
4927|1: 3355 
4928|1: 2154 
4929|1: 2528 
4930|6: 668 1100 2049 3021 4242 8370 
4931|2: 2431 3018 
4932|1: 769 
4933|4: 557 4096 7691 7693 
4934|7: 668 1100 2049 2528 3021 4242 8370
4935|1: 148 
4936|1: 1593 
4937|1: 3088 
4938|1: 2113 
4939|1: 6565 
4940|1: 2620 
4941|1: 1105 
4942|1: 6097 
4943|2: 4958 4959 
4944|1: 6710 
4945|1: 6711 
4946|1: 9271 
4947|3: 9512 9513 9516 
4948|1: 3890 
4949|1: 884 
4950|1: 514 
4951|1: 2224 
4952|1: 3444 
4953|2: 74 369 
4954|1: 369 
4955|1: 491 
4956|1: 4840 
4957|2: 2856 2885 
4958|2: 3837 6712 
4959|1: 6713 
4960|0: 
4961|1: 9198 
4962|1: 258 
4963|2: 3022 8343 
4964|1: 5000 
4965|1: 2449 
4966|1: 2416 
4967|1: 3522 
4968|1: 6714 
4969|0: 
4970|1: 343 
4971|1: 558 
4972|1: 213 
4973|1: 1074 
4974|1: 392 
4975|1: 1263 
4976|1: 2338 
4977|1: 2827 
4978|3: 392 484 574 
4979|5: 496 503 574 770 1084 
4980|1: 587 
4981|1: 574 
4982|1: 421 
4983|1: 2632 
4984|1: 4069 
4985|1: 4420 
4986|1: 3570 
4987|1: 503 
4988|1: 9469 
4989|1: 1249 
4990|2: 3260 3584 
4991|1: 2812 
4992|1: 2524 
4993|1: 2169 
4994|1: 1969 
4995|1: 1317 
4996|3: 240 356 2553 
4997|2: 1377 9594 
4998|1: 5043 
4999|1: 1269 
5000|1: 1191 
5001|1: 356 
5002|2: 1033 2262 
5003|2: 1765 2370 
5004|1: 3669 
5005|2: 1244 5423 
5006|1: 1193 
5007|1: 5676 
5008|3: 353 357 2311 
5009|1: 2342 
5010|1: 3338 
5011|1: 3778 
5012|2: 758 6747 
5013|1: 3533 
5014|1: 4421 
5015|1: 6417 
5016|1: 2781 
5017|1: 8602 
5018|1: 8798 
5019|1: 9272 
5020|1: 9532 
5021|1: 5606 
5022|1: 9649 
5023|2: 2365 8978 
5024|1: 2768 
5025|1: 3378 
5026|3: 4063 7781 7784 
5027|1: 8706 
5028|2: 9273 9274 
5029|1: 930 
5030|2: 2724 3325 
5031|1: 3325 
5032|1: 3114 
5033|1: 3904 
5034|1: 3676 
5035|1: 2801 
5036|1: 3935 
5037|1: 8657 
5038|1: 6601 
5039|1: 9275 
5040|1: 871 
5041|2: 1356 2708 
5042|1: 1502 
5043|3: 256 750 1234 
5044|2: 903 8037 
5045|1: 749 
5046|2: 661 1552 
5047|4: 660 2342 2343 2847 
5048|2: 1275 1685 
5049|1: 1318 
5050|1: 2075 
5051|1: 1614 
5052|1: 3987 
5053|1: 3772 
5054|1: 925 
5055|1: 3587 
5056|1: 1198 
5057|1: 3801 
5058|1: 3003 
5059|1: 2708 
5060|1: 2778 
5061|2: 4566 8781 
5062|3: 4847 8769 8770 
5063|1: 9533 
5064|1: 7570 
5065|2: 1187 2864 
5066|1: 307 
5067|1: 8903 
5068|1: 5595 
5069|1: 6488 
5070|2: 3412 4613 
5071|1: 8707 
5072|1: 6913 
5073|11: 1565 1880 2129 2256 2428 2852 3586 4017 4159 8919 8954 
5074|1: 960 
5075|1: 2594 
5076|2: 3665 6104 
5077|4: 2874 4011 4124 6573 
5078|1: 2629 
5079|1: 1906 
5080|2: 3529 4086 
5081|1: 3927 
5082|2: 3769 3857 
5083|1: 3252 
5084|1: 3155 
5085|1: 5669 
5086|1: 6715 
5087|1: 8708 
5088|1: 8838 
5089|0: 
5090|1: 1928 
5091|1: 1927 
5092|1: 1929 
5093|1: 1930 
5094|1: 2917 
5095|2: 2231 9670 
5096|2: 6418 6419 
5097|2: 6064 6067 
5098|1: 8976 
5099|1: 8951 
5100|1: 2858 
5101|0: 
5102|4: 821 904 2846 7695 
5103|1: 7263 
5104|1: 1423 
5105|2: 821 7695 
5106|1: 2331 
5107|2: 904 2352 
5108|1: 1551 
5109|1: 564 
5110|1: 1747 
5111|1: 1307 
5112|1: 1307 
5113|1: 393 
5114|1: 2811 
5115|1: 2437 
5116|1: 2096 
5117|1: 633 
5118|1: 934 
5119|1: 1933 
5120|1: 9147 
5121|1: 9279 
5122|1: 9280 
5123|1: 4607 
5124|1: 1469 
5125|2: 6102 8290 
5126|1: 8709 
5127|1: 8904 
5128|1: 6175 
5129|1: 215 
5130|1: 710 
5131|3: 2613 4329 4331 
5132|1: 3361 
5133|1: 1467 
5134|1: 2741 
5135|1: 2742 
5136|1: 430 
5137|2: 692 5396 
5138|1: 2584 
5139|1: 1009 
5140|1: 3880 
5141|2: 1555 5421 
5142|2: 1336 5397 
5143|1: 6420 
5144|1: 6500 
5145|0: 
5146|0: 
5147|0: 
5148|0: 
5149|0: 
5150|0: 
5151|0: 
5152|0: 
5153|0: 
5154|0: 
5155|0: 
5156|1: 8036 
5157|1: 8710 
5158|1: 8691 
5159|1: 8690 
5160|1: 8711 
5161|1: 8480 
5162|1: 8712 
5163|1: 8713 
5164|1: 8714 
5165|1: 5636 
5166|1: 5638 
5167|1: 5633 
5168|0: 
5169|0: 
5170|0: 
5171|0: 
5172|1: 8905 
5173|1: 8906 
5174|1: 8907 
5175|1: 8908 
5176|1: 8909 
5177|1: 8910 
5178|1: 8911 
5179|1: 8912 
5180|1: 8913 
5181|1: 8914 
5182|1: 8915 
5183|1: 8916 
5184|1: 9009 
5185|1: 9514 
5186|1: 5007 
5187|1: 4422 
5188|6: 3406 4529 4614 6103 7187 8235 
5189|1: 2836 
5190|1: 3577 
5191|1: 6422 
5192|1: 2837 
5193|6: 2082 2478 5715 6441 7063 7068 
5194|10: 3664 4615 4616 5959 5965 7190 8141 8221 8223 8227 
5195|1: 1705 
5196|1: 3245 
5197|1: 3479 
5198|2: 3737 4617 
5199|1: 5473 
5200|1: 1752 
5201|1: 5486 
5202|1: 8715 
5203|1: 8716 
5204|1: 8627 
5205|3: 6076 6079 6914 
5206|6: 3290 4122 4567 6078 6929 9487 
5207|1: 8917 
5208|1: 9488 
5209|2: 5814 5819 
5210|4: 6591 6592 9598 9599 
5211|1: 3449 
5212|0: 
5213|0: 
5214|1: 4387 
5215|1: 2495 
5216|1: 3148 
5217|1: 3147 
5218|1: 3141 
5219|1: 3140 
5220|1: 3142 
5221|1: 2601 
5222|1: 3149 
5223|2: 3143 4099 
5224|2: 3146 7286 
5225|1: 4782 
5226|1: 2321 
5227|1: 3138 
5228|1: 3145 
5229|1: 3135 
5230|1: 4783 
5231|1: 3137 
5232|1: 3132 
5233|1: 3144 
5234|1: 3139 
5235|1: 3134 
5236|2: 3133 4782 
5237|2: 3136 4783 
5238|1: 7639 
5239|1: 7637 
5240|1: 8590 
5241|6: 196 197 264 792 793 1166 
5242|2: 331 1004 
5243|2: 332 1096 
5244|4: 368 622 2046 2047 
5245|2: 345 2045 
5246|1: 2044 
5247|6: 2387 3878 3939 7780 7783 7786 
5248|1: 1337 
5249|1: 1075 
5250|1: 336 
5251|3: 918 919 3233 
5252|6: 1386 1654 1860 1884 1917 5737 
5253|2: 192 787 
5254|1: 2750 
5255|1: 1374 
5256|1: 1168 
5257|3: 792 793 1166 
5258|1: 1135 
5259|1: 1210 
5260|2: 1209 6423 
5261|1: 3828 
5262|1: 3580 
5263|1: 3118 
5264|1: 1225 
5265|1: 3469 
5266|1: 1114 
5267|1: 3878 
5268|1: 2162 
5269|1: 2555 
5270|2: 840 6511 
5271|2: 3383 7188 
5272|1: 4941 
5273|1: 8479 
5274|1: 8292 
5275|1: 8591 
5276|1: 9002 
5277|2: 7947 7948 
5278|0: 
5279|1: 413 
5280|1: 207 
5281|1: 412 
5282|1: 157 
5283|1: 2506 
5284|1: 2314 
5285|1: 1631 
5286|6: 1631 3288 7420 7421 7422 7423 
5287|2: 5690 6402 
5288|1: 6509 
5289|1: 8592 
5290|1: 8593 
5291|1: 3101 
5292|1: 9434 
5293|1: 9650 
5294|1: 2108 
5295|1: 763 
5296|1: 424 
5297|1: 981 
5298|2: 3644 3645 
5299|1: 3949 
5300|1: 2380 
5301|1: 2736 
5302|1: 2379 
5303|2: 3933 3971 
5304|5: 777 779 994 1691 2819 
5305|2: 1417 1899 
5306|1: 2381 
5307|1: 6720 
5308|1: 3759 
5309|5: 806 1417 1899 3652 4436 
5310|1: 6719 
5311|1: 3333 
5312|1: 2652 
5313|1: 4434 
5314|1: 2344 
5315|1: 630 
5316|1: 4064 
5317|1: 4178 
5318|1: 6718 
5319|1: 8594 
5320|1: 8595 
5321|1: 8403 
5322|1: 8405 
5323|1: 8596 
5324|1: 8404 
5325|1: 8597 
5326|1: 8383 
5327|1: 8598 
5328|1: 9085 
5329|1: 9086 
5330|1: 9474 
5331|1: 9651 
5332|3: 9651 9652 9666 
5333|1: 3625 
5334|1: 1958 
5335|1: 2725 
5336|1: 4686 
5337|1: 9451 
5338|1: 9534 
5339|3: 209 488 490 
5340|1: 807 
5341|1: 968 
5342|1: 1660 
5343|1: 662 
5344|1: 900 
5345|1: 3502 
5346|3: 918 3925 4393 
5347|3: 918 3941 4393 
5348|3: 918 3961 4393 
5349|1: 1364 
5350|1: 3567 
5351|1: 3774 
5352|3: 918 3924 4393 
5353|1: 123 
5354|1: 1900 
5355|1: 6499 
5356|1: 8599 
5357|1: 8977 
5358|1: 1475 
5359|1: 9475 
5360|1: 6090 
5361|2: 157 210 
5362|4: 209 1052 1053 7312 
5363|1: 3840 
5364|3: 209 413 495 
5365|3: 209 492 6717 
5366|1: 3629 
5367|1: 3358 
5368|1: 4456 
5369|1: 4457 
5370|3: 5008 8600 8601 
5371|1: 291 
5372|2: 635 3775 
5373|2: 1581 7966 
5374|1: 3561 
5375|1: 2992 
5376|1: 4932 
5377|1: 7271 
5378|1: 4677 
5379|1: 324 
5380|1: 325 
5381|2: 371 6716 
5382|1: 3677 
5383|1: 9515 
5384|1: 3334 
5385|1: 4459 
5386|1: 16 
5387|9: 38 1117 4708 6599 6606 6756 6757 6772 6773 
5388|168: 56 1079 1251 1252 2004 2030 2173 2418 2922 3053 3054 3096 3448 4113 4114 4248 4279 4281 4283 4288 4495 4510 4517 4642 4666 4667 4670 4671 4672 4673 4674 4706 4855 4856 4857 5326 5526 5527 5529 5530 5578 5727 5728 5734 5971 6000 6006 6032 6042 6114 6115 6135 6136 6159 6161 6163 6164 6165 6168 6169 6178 6180 6187 6191 6192 6193 6197 6199 6200 6201 6202 6210 6211 6219 6224 6523 6527 6529 6534 6541 6542 6543 6643 6645 6738 6740 6785 6900 6910 6911 7018 7293 7324 7325 7332 7335 7336 7337 7339 7340 7342 7343 7344 7345 7353 7354 7355 7361 7362 7371 7372 7380 7381 7386 7392 7393 7394 7395 7407 7408 7409 7410 7411 7458 7459 7460 7660 7710 7719 7720 7725 7727 7728 7729 7730 7739 7816 7818 7880 8023 8025 8029 8114 8115 8118 8119 8147 8357 8408 8412 8425 8427 8428 8429 8445 9038 9039 9342 9343 9346 9349 9352 9354 9355 9359 9361 9665 9667 
5389|10: 85 1632 6056 6737 6856 7317 7418 7419 8802 8982 
5390|9: 98 744 1810 2310 5682 5683 5684 6383 6479 
5391|1: 125 
5392|28: 184 1186 2145 2277 2363 2527 2888 3594 3638 3885 4066 4109 4191 4284 4285 4345 4600 4601 5765 6041 6088 7815 8088 8089 8170 8213 8214 9539 
5393|43: 341 388 707 1823 3660 3751 4103 4334 4394 4721 4791 4792 5586 5785 5786 5787 5789 5790 5791 6024 6478 6731 6907 6957 6958 6959 6997 7241 7498 7500 7861 7865 8041 8042 8043 8044 8103 8262 8263 8264 9213 9246 9247 
5394|2: 348 352 
5395|25: 422 3489 3843 4215 4722 5596 5740 6092 7650 7674 7678 7682 7686 7694 7699 7703 7734 7738 7768 7973 8096 8377 8779 9478 9482 
5396|62: 426 2152 2423 2552 2562 2773 3037 3038 3261 3307 3336 3765 4221 4575 4735 4787 5605 5788 5815 5820 6007 6010 6751 7211 7212 7283 7284 7447 7448 7451 7510 7677 7681 7685 7692 7698 7702 7737 7758 7759 7763 7764 7975 8242 8268 8269 8270 8287 8295 8311 8314 8333 9120 9121 9211 9212 9481 9483 9484 9541 9543 9663 
5397|99: 431 756 759 1694 3455 3724 3767 4341 4737 5093 5094 5112 5113 5168 5206 5212 5218 5280 5371 5377 5392 5399 5400 5402 5405 5408 5412 5440 5651 5652 5653 5654 5655 5656 5657 5658 5659 5660 5661 5662 5663 5664 5665 5666 5800 5807 5808 5822 5852 5853 5927 5943 6686 6691 6692 6693 6694 6696 6698 6699 6700 6701 6702 6705 6730 6948 6976 6981 6982 7086 7146 7147 7855 7856 7858 7859 7864 7866 7872 7899 7900 8304 8305 8306 8307 8308 8320 8321 8325 8328 8335 8336 8349 8355 8356 8803 8804 8805 8858 
5398|66: 548 3662 4494 4682 4683 5573 5576 5632 5634 5635 5637 5681 5999 6004 6524 6533 6537 6538 6539 6540 6544 6546 6547 6560 6761 6771 6774 6780 6867 7214 7239 7243 7640 7646 7663 7708 7714 7721 7740 8108 8110 8152 8153 8167 8173 8175 8177 8180 8184 8196 8216 8455 8456 8457 8458 8464 8465 8762 8763 9540 9642 9643 9645 9655 9656 9657 
5399|4: 753 901 3975 3985 
5400|2: 767 4252 
5401|7: 781 2048 4563 6020 6954 7168 9576 
5402|2: 850 6040 
5403|2: 902 6894 
5404|56: 990 2279 2491 3393 3404 4240 4280 4859 5004 5604 5643 5644 5645 5646 5813 5825 5841 5851 5855 6112 6590 6743 6974 6978 6979 6980 7077 7222 7505 7509 7514 7517 7523 7533 7535 7651 7826 7834 7845 7846 7974 8024 8026 8070 8183 8186 8195 8197 8206 8276 8277 8373 8375 8857 9131 9386 
5405|15: 1003 1095 2269 2549 3247 3315 3431 3912 3950 4083 4085 6021 6059 7160 7163 
5406|1: 1023 
5407|31: 1102 4294 4496 4498 4626 4627 4761 4815 4816 4817 4819 4820 5978 6372 6506 6589 7661 7665 7790 7791 7792 7793 7794 7795 7796 7825 8071 8072 9353 9358 9364 
5408|15: 1148 2222 3862 4388 4587 4588 4589 4590 5543 5914 6604 6876 6905 8244 9664 
5409|5: 1294 1394 1725 4223 6486 
5410|35: 1398 1399 2654 3518 3683 4479 4485 4486 4507 4631 4632 4633 4634 4635 4636 4637 4639 4640 4852 5036 6151 6160 6162 6166 6758 6765 6775 6776 7878 8169 8190 8212 8220 8243 8278 
5411|1: 1440 
5412|4: 1622 5743 7433 7649 
5413|6: 1648 1649 4905 4906 7130 7576 
5414|3: 1666 3486 9201 
5415|2: 1709 7441 
5416|4: 1815 3465 3631 4580 
5417|3: 1955 3921 8296 
5418|5: 1964 4618 6903 8231 8332 
5419|1: 1990 
5420|11: 2015 4644 5862 6752 6755 8045 8111 8232 8847 9205 9662 
5421|9: 2147 7032 7033 7036 7037 7044 7045 8162 8240 
5422|20: 2172 2517 3259 4218 4219 4535 4851 5579 5580 6030 6034 6044 6051 6512 6513 7158 7167 8474 8778 8806 
5423|1: 2234 
5424|1: 2249 
5425|2: 2272 8777 
5426|17: 2303 4675 4676 4824 5539 5540 5568 5569 5581 5582 5677 5864 6060 6902 6960 7159 8285 
5427|8: 2311 3104 4238 4239 6885 6975 7671 8046 
5428|2: 2781 7315 
5429|3: 2818 4850 5678 
5430|4: 2826 3298 7554 9486 
5431|1: 2829 
5432|33: 2949 3388 3554 3555 3787 4201 4337 4730 4803 4804 4805 4806 5541 6001 6013 6022 6029 6039 6050 7008 7024 7765 7809 8061 8066 8193 8271 8272 8273 8274 8275 8313 9480 
5433|3: 3557 6945 8231 
5434|1: 3565 
5435|1: 3655 
5436|1: 3656 
5437|2: 3708 4177 
5438|3: 3921 4325 8191 
5439|6: 4004 4364 5394 5395 5410 5450 
5440|2: 4023 7169 
5441|13: 4115 4117 4860 6145 6146 6150 6233 6234 7382 8174 8217 8468 8469 
5442|1: 4166 
5443|2: 4209 8776 
5444|17: 4213 4474 4537 4619 4620 4621 6878 7176 7193 7194 7797 7798 7799 8138 8139 8219 8234 
5445|10: 4278 4868 5842 6614 7087 7090 7113 7213 8062 9122 
5446|3: 4298 7897 8201 
5447|4: 4317 4440 7242 7823 
5448|37: 4478 4508 4509 4519 4520 4523 4641 4646 4652 4653 4654 4655 4656 4657 4658 4659 4660 4661 4662 4663 4664 4866 5956 5976 6035 6873 7174 7175 8136 8137 8166 8171 8207 8210 8215 8233 8239 
5449|5: 4483 5575 8461 8462 8463 
5450|22: 4506 4624 4625 6801 7088 7089 7091 7092 7114 7115 7116 7117 7118 8236 8237 8238 8241 8246 8247 8248 8249 8294 
5451|4: 4595 4596 4777 8163 
5452|2: 4605 4606 
5453|5: 4608 4609 4610 4611 4612 
5454|9: 4622 4823 6002 6874 7553 8172 8211 8218 8222 
5455|7: 4643 4709 5520 5521 5523 5524 7121 
5456|5: 4680 7882 7883 8318 8319 
5457|1: 4710 
5458|13: 4712 4713 4717 4718 4719 4720 5992 5993 5994 5995 6868 8160 8161 
5459|8: 4736 6748 7653 7748 7758 7760 7762 8038 
5460|5: 4769 4770 4772 4773 6061 
5461|3: 4778 4779 6084 
5462|16: 4788 5542 5574 5577 5585 5973 5974 6023 6036 6762 8109 8155 8156 8452 8459 8460 
5463|3: 4790 5972 6808 
5464|16: 4796 5587 7228 7229 7233 7254 7255 7256 7257 7258 7259 7260 7261 7262 7341 8841 
5465|1: 4807 
5466|1: 4829 
5467|1: 4844 
5468|1: 4869 
5469|3: 4870 4873 4874 
5470|2: 4872 5109 
5471|2: 5111 5115 
5472|1: 5863 
5473|5: 6005 6027 6037 6048 6875 
5474|1: 6019 
5475|3: 6028 6038 6049 
5476|3: 6085 6086 6087 
5477|1: 6089 
5478|1: 6096 
5479|9: 6152 6153 7676 7680 7684 7690 7697 7701 7736 
5480|1: 6476 
5481|1: 6482 
5482|1: 6510 
5483|3: 6603 7868 8005 
5484|1: 6804 
5485|1: 6813 
5486|1: 6934 
5487|1: 7053 
5488|4: 7195 7285 7886 8850 
5489|1: 7196 
5490|6: 7238 7717 7724 7726 7743 8187 
5491|5: 7240 7709 7715 7722 7741 
5492|2: 7309 7310 
5493|10: 7399 7400 7675 7679 7683 7687 7696 7700 7735 9479 
5494|1: 7428 
5495|1: 7641 
5496|1: 7662 
5497|1: 7757 
5498|3: 7833 9356 9365 
5499|2: 7870 7874 
5500|1: 8102 
5501|1: 8224 
5502|1: 8225 
5503|1: 8310 
5504|1: 8846 
5505|2: 8854 8859 
5506|1: 9146 
5507|1: 9196
5508|1: 6383
5509|1: 1100 
